STATIONS_ID;MESS_DATUM;QN_3;  FX;  FM;QN_4; RSK;RSKF; SDK;SHK_TAG;  NM; VPM;  PM; TMK; UPM; TXK; TNK; TGK;eor
       5792;20171010;   10;  15.3;   6.8;    3;   0.2;   7;    2.133;  64;   7.3;   4.1;  711.35;   -4.5;   93.67;   -3.0;   -6.1;-999;eor
       5792;20171011;   10;  23.3;  12.1;    3;   0.0;   0;   10.517;  62;   3.0;   3.9;  714.43;   -1.3;   70.21;    0.9;   -3.6;-999;eor
       5792;20171012;   10;  24.2;  11.1;    3;   0.0;   0;    9.350;  60;   1.7;   4.4;  717.22;   -1.2;   78.04;    0.1;   -2.6;-999;eor
       5792;20171013;   10;  20.0;   8.6;    3;   0.0;   0;   10.383;  55;   4.0;   3.5;  720.26;    0.9;   52.63;    2.7;   -0.8;-999;eor
       5792;20171014;   10;   9.8;   4.3;    3;   0.0;   0;   10.917;  50;   1.0;   4.9;  722.57;    4.8;   58.04;    8.8;    1.6;-999;eor
       5792;20171015;   10;   7.9;   3.5;    3;   0.0;   0;   10.917;  45;   0.3;   3.8;  723.49;    6.6;   39.13;    8.7;    4.9;-999;eor
       5792;20171016;   10;  11.4;   5.8;    3;   0.0;   0;   10.867;  40;   0.0;   3.6;  723.00;    5.4;   40.96;    8.2;    2.8;-999;eor
       5792;20171017;   10;  11.8;   5.1;    3;   0.0;   0;    9.683;  38;   3.7;   2.5;  719.85;    5.5;   27.63;    7.5;    4.0;-999;eor
       5792;20171018;   10;   8.6;   3.6;    3;   0.0;   0;   10.383;  33;   1.3;   3.0;  713.57;    3.0;   39.92;    5.7;    0.3;-999;eor
       5792;20171019;   10;  10.1;   4.3;    3;   0.0;   0;   10.400;  29;   1.3;   3.4;  712.26;    1.8;   49.00;    4.9;    0.0;-999;eor
       5792;20171020;   10;  11.5;   4.8;    3;   0.0;   0;    9.650;  26;   3.0;   4.3;  713.01;    2.0;   60.75;    4.7;    0.2;-999;eor
       5792;20171021;   10;  19.6;   6.8;    3;   8.3;   7;    4.367;  23;   5.7;   5.2;  712.81;    0.1;   84.29;    1.7;   -2.1;-999;eor
       5792;20171022;   10;  21.8;   7.5;    3;  26.9;   7;    0.017;  23;   8.0;   3.4;  706.52;   -7.4;   95.54;   -1.6;   -9.8;-999;eor
       5792;20171023;   10;  16.7;   6.7;    3;  23.4;   7;    0.000;  43;   8.0;   3.0;  707.17;   -9.1;   96.13;   -7.9;  -10.0;-999;eor
       5792;20171024;   10;  14.3;   5.6;    3;   0.8;   7;    6.983;  52;   5.0;   3.5;  714.30;   -5.7;   85.75;   -1.2;   -8.7;-999;eor
       5792;20171025;   10;  14.9;   6.2;    3;   0.0;   0;    6.150;  52;   5.7;   4.4;  718.69;    0.8;   68.13;    2.8;   -2.6;-999;eor
       5792;20171026;   10;  21.7;   8.6;    3;   0.0;   7;    9.433;  45;   5.0;   3.7;  719.35;    1.4;   55.42;    3.5;   -0.6;-999;eor
       5792;20171027;   10;  29.3;   9.5;    3;  30.8;   7;    0.000;  40;   8.0;   4.2;  713.00;   -4.9;   95.92;   -0.4;  -10.3;-999;eor
       5792;20171028;   10;  25.3;  10.5;    3;  11.7;   7;    5.967;  66;   6.7;   2.1;  709.82;   -8.5;   66.21;   -2.8;  -11.0;-999;eor
       5792;20171029;   10;  41.9;  15.2;    3;  29.6;   7;    0.000;  70;   8.0;   4.1;  703.00;   -5.2;   96.13;   -2.0;  -11.0;-999;eor
       5792;20171030;   10;  16.9;   8.1;    3;   0.0;   0;    9.883;  90;   1.3;   1.6;  707.15;  -10.9;   62.96;   -5.8;  -14.3;-999;eor
       5792;20171031;   10;  13.0;   6.2;    3;   0.0;   0;   10.017;  80;   2.7;   2.8;  712.01;   -6.0;   70.88;   -4.7;   -7.6;-999;eor
       5792;20171101;   10;  12.0;   5.3;    3;   0.3;   7;    0.000;  70;   8.0;   4.4;  713.19;   -3.6;   92.33;   -2.3;   -6.2;-999;eor
       5792;20171102;   10;  20.6;   9.6;    3;   1.5;   7;    0.300;  65;   7.3;   3.7;  709.62;   -3.6;   80.67;   -1.5;   -5.8;-999;eor
       5792;20171103;   10;  17.3;   7.8;    3;   0.0;   7;    7.367;  65;   3.7;   2.8;  708.49;   -3.1;   62.33;    1.8;   -5.5;-999;eor
       5792;20171104;   10;  26.3;   9.0;    3;   0.0;   0;    5.883;  59;   6.7;   3.0;  708.03;   -1.4;   55.79;    0.7;   -3.3;-999;eor
       5792;20171105;   10;  35.3;  10.3;    3;  42.1;   7;    0.750;  57;   7.7;   3.7;  702.27;   -5.5;   89.17;   -1.7;  -11.6;-999;eor
       5792;20171106;   10;  23.5;   5.7;    3;   9.7;   7;    0.000; 105;   7.7;   2.5;  702.88;  -10.9;   93.75;   -6.5;  -13.0;-999;eor
       5792;20171107;   10;  25.3;   9.6;    3;   2.9;   7;    6.700; 112;   6.7;   3.7;  703.48;   -5.5;   91.79;   -3.7;   -7.5;-999;eor
       5792;20171108;   10;  19.2;   5.3;    3;   0.1;   7;    8.367; 104;   4.0;   3.0;  703.75;   -7.5;   87.33;   -4.4;   -8.6;-999;eor
       5792;20171109;   10;  10.5;   3.8;    3;   0.0;   0;    9.367;  98;   1.0;   2.8;  707.75;   -7.1;   77.75;   -3.3;   -8.5;-999;eor
       5792;20171110;   10;  23.3;   9.8;    3;  18.7;   7;    2.600;  97;   6.0;   2.7;  706.88;   -7.4;   76.54;   -6.0;   -8.8;-999;eor
       5792;20171111;   10;  30.5;  13.4;    3;  28.2;   7;    0.000; 130;   8.0;   3.4;  702.37;   -7.4;   96.67;   -5.9;   -9.5;-999;eor
       5792;20171112;   10;  37.8;  12.8;    3;  25.5;   7;    0.000; 160;   8.0;   3.4;  695.68;   -7.4;   95.04;   -4.5;  -14.9;-999;eor
       5792;20171113;   10;  12.6;   4.1;    3;  19.3;   7;    0.000; 195;   8.0;   1.7;  696.77;  -15.2;   91.63;  -14.2;  -16.0;-999;eor
       5792;20171114;   10;  14.6;   5.5;    3;   0.0;   0;    8.933; 230;   3.7;   1.3;  706.37;  -11.9;   54.21;   -5.9;  -16.8;-999;eor
       5792;20171115;   10;  15.5;   6.8;    3;   0.0;   0;    9.317; 200;   2.0;   2.3;  710.15;   -4.1;   51.13;    2.4;   -6.9;-999;eor
       5792;20171116;   10;  11.9;   4.3;    3;   0.0;   0;    8.433; 190;   2.3;   2.9;  709.92;   -2.5;   56.04;    4.4;   -5.9;-999;eor
       5792;20171117;   10;  14.2;   4.7;    3;   0.0;   7;    0.650; 170;   6.0;   2.6;  709.00;   -7.3;   73.33;   -4.5;   -9.1;-999;eor
       5792;20171118;   10;  20.8;   7.7;    3;   8.5;   7;    8.817; 155;   4.0;   1.2;  705.64;  -10.2;   42.33;   -7.8;  -12.3;-999;eor
       5792;20171119;   10;  23.7;  10.1;    3;  23.6;   7;    0.000; 155;   8.0;   1.9;  701.51;  -13.3;   87.33;  -10.1;  -15.7;-999;eor
       5792;20171120;   10;  31.2;  12.9;    3;  17.9;   7;    0.150; 175;   6.3;   2.1;  704.55;  -11.8;   82.79;   -6.5;  -15.7;-999;eor
       5792;20171121;   10;  29.5;  13.3;    3;   3.0;   7;    0.000; 185;   8.0;   3.8;  706.82;   -5.4;   93.83;   -2.9;   -7.4;-999;eor
       5792;20171122;   10;  25.3;  13.6;    3;   0.0;   0;    8.100; 155;   5.7;   1.9;  708.20;   -2.7;   40.17;    1.0;   -5.9;-999;eor
       5792;20171123;   10;  16.9;   8.4;    3;   0.0;   0;    6.850; 140;   4.7;   2.3;  708.40;   -1.7;   46.83;    1.4;   -4.4;-999;eor
       5792;20171124;   10;  21.0;   9.5;    3;   0.0;   0;    6.850; 125;   5.7;   2.9;  708.71;   -3.3;   61.50;   -2.6;   -4.7;-999;eor
       5792;20171125;   10;  35.9;  11.5;    3;  15.8;   7;    1.333; 125;   7.7;   2.9;  701.85;   -7.5;   81.96;   -3.1;  -13.5;-999;eor
       5792;20171126;   10;  15.9;   6.8;    3;  10.4;   7;    0.083; 155;   8.0;   1.6;  703.08;  -16.6;   92.17;  -13.2;  -17.9;-999;eor
       5792;20171127;   10;  25.7;   8.0;    3;   2.9;   7;    2.083; 165;   6.7;   1.9;  704.72;  -14.0;   90.75;   -7.9;  -17.5;-999;eor
       5792;20171128;   10;  27.1;  11.7;    3;   0.0;   7;    0.117; 155;   7.3;   2.8;  698.87;   -9.0;   89.92;   -7.2;  -11.3;-999;eor
       5792;20171129;   10;  19.4;   4.9;    3;  17.7;   7;    0.600; 145;   8.0;   2.1;  692.64;  -12.4;   89.46;  -10.2;  -15.1;-999;eor
       5792;20171130;   10;  17.8;   7.1;    3;   5.0;   7;    0.017; 180;   8.0;   1.4;  690.15;  -17.1;   89.63;  -15.0;  -18.0;-999;eor
       5792;20171201;   10;  12.5;   4.9;    3;   0.0;   7;    8.217; 180;   3.7;   1.2;  694.02;  -17.5;   77.88;  -14.8;  -18.2;-999;eor
       5792;20171202;   10;  12.6;   6.0;    3;   0.0;   0;    8.483; 175;   2.3;   1.0;  700.29;  -15.1;   53.58;  -10.0;  -18.1;-999;eor
       5792;20171203;   10;  13.5;   5.4;    3;   8.6;   7;    8.050; 175;   3.3;   1.0;  702.49;  -16.3;   60.46;  -13.7;  -18.3;-999;eor
       5792;20171204;   10;  20.8;   9.1;    3;  27.3;   7;    0.000; 180;   8.0;   2.1;  708.61;  -12.9;   90.29;  -12.3;  -14.7;-999;eor
       5792;20171205;   10;  16.2;   7.4;    3;   0.0;   0;    0.000; 195;   5.7;   2.3;  714.92;  -11.2;   88.96;   -8.9;  -13.8;-999;eor
       5792;20171206;   10;  11.6;   5.5;    3;   0.0;   0;    8.550; 185;   1.0;   1.8;  716.48;   -6.0;   47.42;   -2.6;   -9.5;-999;eor
       5792;20171207;   10;  32.0;  13.0;    3;   0.1;   7;    8.567; 180;   1.7;   1.4;  710.55;   -6.0;   35.38;   -3.1;   -6.9;-999;eor
       5792;20171208;   10;  32.5;  13.7;    3;  17.7;   7;    0.000; 175;   8.0;   2.1;  698.51;  -11.6;   82.08;   -5.8;  -18.4;-999;eor
       5792;20171209;   10;  24.2;   9.4;    3;   3.5;   7;    2.650; 210;   7.0;   1.0;  694.33;  -20.4;   84.63;  -17.8;  -21.9;-999;eor
       5792;20171210;   10;  48.8;  21.4;    3;   1.5;   7;    0.600; 205;   7.3;   2.2;  688.58;  -11.1;   73.38;   -6.1;  -18.8;-999;eor
       5792;20171211;   10;  50.0;  20.9;    3;   5.6;   7;    0.267; 190;   7.0;   3.6;  685.89;   -5.9;   91.08;   -4.9;   -9.0;-999;eor
       5792;20171212;   10;  28.5;   9.5;    3;   3.6;   7;    0.083; 195;   8.0;   2.3;  694.97;  -12.0;   91.17;   -7.8;  -16.7;-999;eor
       5792;20171213;   10;  41.6;  15.3;    3;   0.9;   7;    6.367; 195;   4.0;   1.4;  698.12;  -12.9;   60.33;   -6.6;  -17.9;-999;eor
       5792;20171214;   10;  39.5;  15.7;    3;  20.8;   7;    0.067; 195;   8.0;   2.4;  691.28;  -10.8;   88.50;   -7.4;  -13.5;-999;eor
       5792;20171215;   10;  27.8;   9.7;    3;   1.2;   7;    3.867; 215;   6.7;   1.8;  688.52;  -14.2;   87.21;  -10.6;  -16.3;-999;eor
       5792;20171216;   10;  12.5;   5.3;    3;  18.6;   7;    0.000; 215;   8.0;   1.7;  693.78;  -15.7;   92.13;  -13.9;  -17.0;-999;eor
       5792;20171217;   10;  13.6;   6.2;    3;  12.3;   7;    0.000; 245;   8.0;   1.4;  701.01;  -17.7;   91.17;  -16.4;  -19.3;-999;eor
       5792;20171218;   10;  13.6;   7.1;    3;   4.8;   7;    0.067; 270;   7.7;   1.6;  702.98;  -15.7;   88.46;  -13.5;  -19.3;-999;eor
       5792;20171219;   10;  13.7;   6.9;    3;   2.7;   7;    7.950; 275;   4.0;   1.5;  709.11;  -15.0;   76.92;  -12.5;  -16.3;-999;eor
       5792;20171220;   10;  10.3;   4.5;    3;   0.6;   7;    5.933; 260;   3.0;   1.5;  711.48;  -13.4;   71.13;   -9.7;  -15.1;-999;eor
       5792;20171221;   10;  19.5;   8.2;    3;  16.8;   7;    3.150; 240;   6.7;   2.8;  716.07;   -7.9;   80.96;   -5.8;  -11.2;-999;eor
       5792;20171222;   10;  15.3;   7.3;    3;  11.4;   7;    0.000; 255;   8.0;   3.3;  716.27;   -7.5;   94.42;   -6.3;   -9.1;-999;eor
       5792;20171223;   10;  15.9;   7.7;    3;   0.0;   0;    7.400; 250;   2.3;   2.5;  717.17;   -8.0;   75.13;   -5.4;  -11.3;-999;eor
       5792;20171224;   10;  17.4;   8.5;    3;   0.0;   0;    8.433; 235;   0.3;   1.8;  716.47;   -3.9;   39.88;   -1.8;   -5.9;-999;eor
       5792;20171225;   10;  20.9;  11.2;    3;   0.0;   0;    8.400; 230;   0.7;   1.2;  711.86;   -1.0;   20.96;    0.9;   -3.3;-999;eor
       5792;20171226;   10;  31.8;  12.6;    3;   0.0;   0;    7.050; 230;   6.3;   2.2;  699.98;   -7.8;   67.00;   -3.1;  -10.7;-999;eor
       5792;20171227;   10;  35.4;  12.0;    3;   9.7;   7;    3.467; 225;   7.3;   2.5;  685.08;  -10.2;   87.63;   -8.8;  -15.0;-999;eor
       5792;20171228;   10;  24.5;   9.8;    3;  14.8;   7;    0.000; 230;   8.0;   1.4;  685.48;  -16.8;   87.58;  -14.9;  -19.7;-999;eor
       5792;20171229;   10;  32.2;  10.6;    3;  11.0;   7;    6.933; 240;   3.0;   1.4;  693.16;  -17.2;   84.75;  -10.7;  -21.0;-999;eor
       5792;20171230;   10;  33.2;  14.7;    3;  18.3;   7;    0.000; 255;   7.7;   3.2;  698.93;   -8.4;   91.04;   -3.4;  -15.2;-999;eor
       5792;20171231;   10;  32.5;  16.4;    3;   3.4;   7;    7.933; 270;   3.3;   2.5;  705.05;   -4.1;   60.00;    0.3;   -7.8;-999;eor
       5792;20180101;   10;  31.4;  11.8;    3;   5.3;   7;    2.133; 263;   6.0;   2.2;  698.43;  -10.2;   78.67;   -5.2;  -13.2;-999;eor
       5792;20180102;   10;  27.2;  11.5;    3;  14.2;   7;    0.067; 260;   6.7;   1.9;  698.88;  -13.4;   87.58;   -7.2;  -15.8;-999;eor
       5792;20180103;   10;  48.6;  18.3;    3;  14.4;   7;    0.017; 270;   8.0;   3.0;  694.87;   -8.8;   92.08;   -4.1;  -13.7;-999;eor
       5792;20180104;   10;  35.7;  15.8;    3;  39.5;   7;    0.000; 280;   8.0;   3.6;  694.91;   -7.0;   95.38;   -3.3;  -12.9;-999;eor
       5792;20180105;   10;  30.6;  13.6;    3;   0.0;   7;    4.567; 310;   6.7;   3.6;  698.36;   -5.0;   84.75;   -3.1;   -6.7;-999;eor
       5792;20180106;   10;  27.0;  13.7;    3;   0.0;   0;    8.167; 305;   3.7;   2.8;  700.52;   -5.9;   72.00;   -3.9;   -6.8;-999;eor
       5792;20180107;   10;  29.3;  11.4;    3;   0.0;   0;    0.000; 305;   7.0;   2.9;  707.02;   -5.8;   72.71;   -3.2;   -7.1;-999;eor
       5792;20180108;   10;  44.2;  14.7;    3;   0.0;   7;    3.767; 305;   3.7;   3.1;  709.18;   -6.1;   79.38;   -3.5;   -7.2;-999;eor
       5792;20180109;   10;  45.3;  16.7;    3;   2.5;   7;    5.817; 305;   5.0;   2.9;  704.37;   -7.4;   81.83;   -5.2;   -9.9;-999;eor
       5792;20180110;   10;  19.6;   5.5;    3;   0.0;   0;    8.350; 305;   4.3;   2.2;  701.38;   -9.7;   73.25;   -8.0;  -11.9;-999;eor
       5792;20180111;   10;  12.1;   3.1;    3;   6.5;   7;    0.000; 300;   8.0;   2.4;  701.07;  -10.9;   89.96;   -9.7;  -11.9;-999;eor
       5792;20180112;   10;  15.7;   7.0;    3;   0.0;   0;    8.350; 305;   2.7;   1.8;  705.63;  -11.1;   71.54;   -9.3;  -12.3;-999;eor
       5792;20180113;   10;   7.8;   3.5;    3;   0.0;   0;    8.767; 300;   0.3;   1.5;  706.10;   -8.2;   44.96;   -1.8;   -9.7;-999;eor
       5792;20180114;   10;  15.7;   6.5;    3;   0.0;   0;    7.900; 300;   2.7;   1.7;  703.21;  -11.5;   67.79;   -8.6;  -13.7;-999;eor
       5792;20180115;   10;  34.8;  11.0;    3;   1.6;   7;    5.667; 295;   3.0;   1.8;  701.36;  -12.0;   75.46;   -8.4;  -13.8;-999;eor
       5792;20180116;   10;  39.8;  17.7;    3;  28.5;   7;    0.050; 290;   8.0;   2.7;  691.93;   -9.7;   90.88;   -9.1;  -11.5;-999;eor
       5792;20180117;   10;  35.0;  10.9;    3;  24.0;   7;    0.000; 320;   8.0;   1.6;  689.85;  -15.7;   88.21;  -11.3;  -18.3;-999;eor
       5792;20180118;   10;  43.8;  18.3;    3;  20.3;   7;    0.100; 335;   8.0;   2.5;  695.56;  -10.9;   93.00;   -7.9;  -16.3;-999;eor
       5792;20180119;   10;  30.7;  10.6;    3;  32.6;   7;    0.250; 360;   8.0;   2.1;  695.97;  -12.9;   90.08;   -8.2;  -15.4;-999;eor
       5792;20180120;   10;  41.7;  16.1;    3;  29.8;   7;    1.117; 395;   8.0;   1.9;  693.30;  -13.7;   88.38;   -9.1;  -17.0;-999;eor
       5792;20180121;   10;  28.9;  10.8;    3;  26.4;   7;    0.017; 420;   7.3;   1.8;  695.41;  -14.4;   87.46;   -9.5;  -18.5;-999;eor
       5792;20180122;   10;  32.2;  13.0;    3;  45.5;   7;    0.000; 440;   8.0;   3.3;  700.27;   -7.3;   93.50;   -5.7;  -10.0;-999;eor
       5792;20180123;   10;  23.0;   8.9;    3;   4.5;   7;    5.133; 475;   4.3;   2.4;  709.19;   -9.8;   84.04;   -8.2;  -11.4;-999;eor
       5792;20180124;   10;  22.9;   9.5;    3;   0.0;   7;    7.133; 455;   7.3;   3.2;  713.73;   -4.4;   72.38;   -2.0;   -9.1;-999;eor
       5792;20180125;   10;  24.8;   9.4;    3;   0.0;   0;    5.433; 440;   7.3;   2.5;  709.09;   -4.0;   54.54;   -1.7;   -7.2;-999;eor
       5792;20180126;   10;  27.3;  11.8;    3;   0.0;   0;    3.200; 435;   4.3;   2.7;  706.54;   -6.7;   72.04;   -4.8;   -8.0;-999;eor
       5792;20180127;   10;  19.5;  10.1;    3;   0.0;   0;    9.033; 430;   2.7;   3.0;  713.92;   -6.2;   77.75;   -4.7;   -7.6;-999;eor
       5792;20180128;   10;  21.7;   9.4;    3;   0.0;   7;    0.100; 425;   7.0;   3.3;  718.99;   -6.0;   81.79;   -3.4;   -8.5;-999;eor
       5792;20180129;   10;  22.1;   8.2;    3;   0.0;   7;    9.450; 415;   1.0;   2.9;  717.72;   -4.2;   65.42;   -1.0;   -7.3;-999;eor
       5792;20180130;   10;  21.4;  10.2;    3;   0.0;   7;    7.833; 405;   5.0;   1.7;  713.25;   -6.2;   46.79;   -3.2;   -9.3;-999;eor
       5792;20180131;   10;  27.2;  13.2;    3;   0.0;   7;    5.950; 400;   3.0;   2.3;  704.80;   -5.6;   57.42;   -3.2;   -8.1;-999;eor
       5792;20180201;   10;  28.3;  10.3;    3;  11.6;   7;    0.000; 400;   8.0;   2.1;  692.59;  -12.6;   87.25;   -7.4;  -16.2;-999;eor
       5792;20180202;   10;  13.3;   5.9;    3;   0.2;   7;    5.367; 420;   5.7;   1.3;  692.15;  -16.7;   75.92;  -15.3;  -18.1;-999;eor
       5792;20180203;   10;   9.4;   4.3;    3;   1.8;   7;    0.067; 420;   8.0;   1.3;  690.51;  -17.8;   86.50;  -16.5;  -18.6;-999;eor
       5792;20180204;   10;  13.0;   4.1;    3;   0.0;   7;    1.217; 405;   5.7;   1.3;  695.53;  -17.5;   85.38;  -16.0;  -18.5;-999;eor
       5792;20180205;   10;  22.1;   9.8;    3;   0.1;   7;    6.033; 400;   5.7;   1.7;  701.16;  -13.1;   75.83;  -10.8;  -16.4;-999;eor
       5792;20180206;   10;  13.6;   6.7;    3;   0.0;   7;    5.750; 390;   6.0;   1.9;  698.53;  -10.4;   67.17;   -7.6;  -11.8;-999;eor
       5792;20180207;   10;   9.5;   3.5;    3;   1.1;   7;    1.933; 390;   7.3;   2.2;  695.57;  -11.3;   84.71;   -9.7;  -13.2;-999;eor
       5792;20180208;   10;  11.5;   2.5;    3;   0.1;   7;    6.883; 390;   4.3;   2.0;  698.86;  -12.3;   85.13;   -9.6;  -13.1;-999;eor
       5792;20180209;   10;  16.4;   5.6;    3;   0.3;   7;    9.433; 385;   1.7;   1.7;  698.72;  -13.1;   77.58;  -10.5;  -14.3;-999;eor
       5792;20180210;   10;   9.6;   2.9;    3;   0.2;   7;    5.100; 380;   3.0;   1.6;  697.83;  -15.0;   83.75;  -12.6;  -17.0;-999;eor
       5792;20180211;   10;  22.7;   8.4;    3;  11.2;   7;    1.400; 380;   6.0;   2.2;  695.57;  -11.0;   80.92;   -7.9;  -14.5;-999;eor
       5792;20180212;   10;  16.0;   5.6;    3;  11.3;   7;    0.183; 390;   8.0;   1.4;  695.24;  -17.7;   89.75;  -13.8;  -20.3;-999;eor
       5792;20180213;   10;  11.0;   4.5;    3;   0.0;   0;    9.917; 410;   0.7;   0.8;  694.16;  -19.8;   61.29;  -17.3;  -22.2;-999;eor
       5792;20180214;   10;  11.2;   6.1;    3;   0.0;   0;   10.167; 385;   0.3;   0.6;  696.00;  -19.3;   42.00;  -17.0;  -20.4;-999;eor
       5792;20180215;   10;  23.6;  10.6;    3;  29.1;   7;    0.050; 380;   7.7;   2.4;  703.40;   -9.0;   65.54;   -4.4;  -17.2;-999;eor
       5792;20180216;   10;  25.7;  10.9;    3;  11.5;   7;    0.000; 400;   8.0;   3.6;  708.80;   -6.5;   96.50;   -4.4;   -8.2;-999;eor
       5792;20180217;   10;  27.3;  12.4;    3;   5.1;   7;    1.383; 400;   7.3;   3.3;  704.65;   -7.0;   91.38;   -4.8;  -11.5;-999;eor
       5792;20180218;   10;  17.8;   5.6;    3;   0.0;   7;    8.633; 400;   4.3;   1.9;  703.40;  -13.1;   83.88;  -11.4;  -14.1;-999;eor
       5792;20180219;   10;  12.7;   5.4;    3;   0.0;   0;    9.850; 395;   3.0;   1.7;  699.30;  -12.7;   70.04;   -8.0;  -16.1;-999;eor
       5792;20180220;   10;  11.5;   4.0;    3;   1.2;   7;    3.700; 390;   6.7;   1.3;  694.55;  -16.2;   73.71;  -12.8;  -18.7;-999;eor
       5792;20180221;   10;  22.1;   8.9;    3;   1.2;   7;    6.583; 390;   6.0;   1.4;  695.49;  -16.7;   85.92;  -14.6;  -19.1;-999;eor
       5792;20180222;   10;  21.3;  10.6;    3;   0.0;   0;    5.283; 390;   6.0;   1.8;  694.08;  -13.8;   86.17;  -12.4;  -15.8;-999;eor
       5792;20180223;   10;  20.3;   9.3;    3;   0.0;   0;    8.917; 390;   5.0;   2.2;  696.48;  -10.3;   76.79;   -7.7;  -13.0;-999;eor
       5792;20180224;   10;  11.1;   4.3;    3;   0.0;   0;   10.817; 385;   1.7;   2.2;  699.47;   -7.4;   62.50;   -4.8;  -11.1;-999;eor
       5792;20180225;   10;  13.6;   4.8;    3;   0.0;   0;   10.417; 385;   1.3;   0.4;  694.12;  -19.0;   30.42;  -11.0;  -26.8;-999;eor
       5792;20180226;   10;  19.1;   6.7;    3;   0.0;   0;    9.833; 380;   2.7;   0.4;  687.80;  -27.8;   59.29;  -26.3;  -30.5;-999;eor
       5792;20180227;   10;  17.1;   6.4;    3;   0.0;   0;    8.950; 380;   5.7;   0.5;  685.37;  -26.5;   76.25;  -24.0;  -28.9;-999;eor
       5792;20180228;   10;  18.5;   6.2;    3;   0.0;   7;   10.167; 380;   3.3;   0.6;  690.00;  -19.8;   47.63;  -11.5;  -25.1;-999;eor
       5792;20180301;   10;  17.4;   8.2;    3;   0.5;   7;    2.333; 380;   7.3;   2.9;  691.63;   -7.9;   84.71;   -4.8;  -12.7;-999;eor
       5792;20180302;   10;  25.0;  10.4;    3;   1.6;   7;    5.400; 380;   5.0;   2.9;  687.80;   -7.3;   81.17;   -4.4;  -13.8;-999;eor
       5792;20180303;   10;  22.0;   9.1;    3;   3.3;   7;    4.450; 380;   6.7;   1.8;  688.70;  -10.2;   64.29;   -6.3;  -14.0;-999;eor
       5792;20180304;   10;  22.6;  10.2;    3;   0.3;   7;   10.550; 380;   3.0;   1.9;  692.62;   -8.6;   63.13;   -5.2;  -11.8;-999;eor
       5792;20180305;   10;  17.5;   7.1;    3;   1.1;   7;    5.667; 380;   7.3;   2.6;  689.80;   -8.9;   83.00;   -7.1;  -10.6;-999;eor
       5792;20180306;   10;  14.6;   5.4;    3;   7.3;   7;    0.000; 375;   7.7;   2.5;  685.50;  -10.3;   90.54;   -8.5;  -11.9;-999;eor
       5792;20180307;   10;  19.9;   6.8;    3;  11.6;   7;    0.000; 380;   8.0;   2.3;  689.72;  -11.5;   89.79;   -8.2;  -13.6;-999;eor
       5792;20180308;   10;  24.4;  11.9;    3;   0.3;   7;    7.300; 385;   6.3;   1.6;  695.93;  -12.2;   68.96;   -9.6;  -14.1;-999;eor
       5792;20180309;   10;  29.1;  14.7;    3;   0.0;   7;    0.233; 375;   7.3;   3.2;  701.18;   -7.2;   86.50;   -3.7;  -11.4;-999;eor
       5792;20180310;   10;  26.0;  11.1;    3;   2.1;   7;    0.000; 375;   7.7;   4.0;  701.56;   -4.0;   88.63;   -2.5;   -4.9;-999;eor
       5792;20180311;   10;  28.6;  10.3;    3;   0.3;   7;    0.733; 375;   6.7;   3.7;  696.77;   -4.3;   83.71;   -2.2;   -5.6;-999;eor
       5792;20180312;   10;  26.1;  10.3;    3;   5.8;   7;    3.183; 375;   7.7;   3.2;  693.13;   -7.6;   93.17;   -5.5;   -9.5;-999;eor
       5792;20180313;   10;  24.7;   9.7;    3;  10.8;   7;    4.083; 380;   6.7;   2.6;  697.03;  -10.1;   91.00;   -9.0;  -11.8;-999;eor
       5792;20180314;   10;  17.2;   7.9;    3;   0.0;   7;    5.400; 390;   5.3;   2.3;  699.25;  -10.4;   83.71;   -8.5;  -12.2;-999;eor
       5792;20180315;   10;  30.1;   8.9;    3;  12.5;   7;    3.150; 380;   6.7;   2.2;  694.05;   -6.7;   58.92;   -4.3;   -9.9;-999;eor
       5792;20180316;   10;  17.7;   6.9;    3;   0.1;   7;    2.433; 390;   7.3;   2.8;  694.07;   -9.4;   91.42;   -7.6;  -11.6;-999;eor
       5792;20180317;   10;  17.4;   7.7;    3;   2.1;   7;    4.967; 390;   7.0;   2.8;  688.63;   -8.9;   88.54;   -6.8;  -10.3;-999;eor
       5792;20180318;   10;  12.5;   6.0;    3;   1.8;   7;    6.217; 390;   7.3;   2.5;  688.16;  -10.0;   88.33;   -7.4;  -11.7;-999;eor
       5792;20180319;   10;  10.9;   4.0;    3;   5.7;   7;    0.050; 390;   8.0;   2.0;  690.12;  -12.7;   88.42;  -11.4;  -14.8;-999;eor
       5792;20180320;   10;  13.1;   5.3;    3;   3.9;   7;    6.283; 395;   5.0;   1.4;  693.70;  -17.1;   81.00;  -14.0;  -22.2;-999;eor
       5792;20180321;   10;  13.6;   4.6;    3;   4.0;   7;    5.600; 395;   5.3;   1.1;  700.75;  -17.4;   70.25;  -13.8;  -19.5;-999;eor
       5792;20180322;   10;  14.6;   6.8;    3;   7.5;   7;    8.067; 395;   5.3;   1.1;  699.57;  -14.7;   58.58;  -11.0;  -16.3;-999;eor
       5792;20180323;   10;  13.0;   5.4;    3;   1.1;   7;    2.817; 420;   7.7;   1.9;  693.73;  -13.7;   86.67;   -7.4;  -15.6;-999;eor
       5792;20180324;   10;   9.9;   4.5;    3;   0.0;   0;   12.417; 415;   2.0;   1.1;  692.01;   -9.4;   39.17;   -4.6;  -14.5;-999;eor
       5792;20180325;   10;   9.4;   2.8;    3;   0.5;   7;    9.300; 410;   5.3;   1.9;  696.37;   -8.9;   59.88;   -5.9;  -10.9;-999;eor
       5792;20180326;   10;  12.1;   5.2;    3;  11.2;   7;    0.000; 405;   8.0;   2.4;  699.57;  -11.0;   90.17;  -10.0;  -12.4;-999;eor
       5792;20180327;   10;  25.4;   8.6;    3;  22.6;   7;    1.800; 415;   7.7;   2.2;  699.84;  -12.2;   89.17;   -8.8;  -13.7;-999;eor
       5792;20180328;   10;  33.1;  14.2;    3;   7.5;   7;    0.133; 425;   8.0;   3.5;  698.20;   -7.1;   96.29;   -5.2;   -9.0;-999;eor
       5792;20180329;   10;  21.2;   8.3;    3;   3.9;   7;    1.783; 430;   8.0;   3.1;  697.15;   -8.3;   94.04;   -5.9;  -10.1;-999;eor
       5792;20180330;   10;  29.7;  10.8;    3;   2.5;   7;    5.083; 435;   5.3;   3.2;  695.79;   -7.3;   91.38;   -6.0;   -8.9;-999;eor
       5792;20180331;   10;  16.9;   6.1;    3;  16.5;   7;    3.967; 425;   7.7;   2.8;  690.88;   -9.2;   91.46;   -6.0;  -12.8;-999;eor
       5792;20180401;   10;  24.1;  10.1;    3;   7.0;   7;    0.350; 440;   8.0;   2.2;  696.42;  -12.5;   94.00;  -11.6;  -13.7;-999;eor
       5792;20180402;   10;  24.3;  13.0;    3;   0.0;   0;    9.283; 440;   4.3;   2.5;  702.17;   -7.6;   68.46;   -2.4;  -14.3;-999;eor
       5792;20180403;   10;  32.5;  13.0;    3;   0.0;   0;    6.833; 435;   7.0;   3.7;  703.73;   -3.2;   75.92;   -1.2;   -5.4;-999;eor
       5792;20180404;   10;  36.9;  13.3;    3;   0.5;   7;    8.417; 425;   6.7;   3.6;  702.61;   -3.7;   77.63;   -1.8;   -6.2;-999;eor
       5792;20180405;   10;  21.3;   8.0;    3;   6.3;   7;    1.883; 425;   7.3;   3.3;  704.38;   -7.6;   94.04;   -6.2;  -11.3;-999;eor
       5792;20180406;   10;  12.5;   6.1;    3;   0.0;   0;   13.133; 425;   3.3;   1.0;  709.47;   -2.9;   25.58;    1.8;  -12.2;-999;eor
       5792;20180407;   10;  13.7;   3.2;    3;   0.0;   0;   13.100; 420;   0.0;   2.0;  709.65;    1.4;   30.29;    6.3;   -1.1;-999;eor
       5792;20180408;   10;  20.6;   9.0;    3;   0.0;   0;   12.183; 415;   2.0;   3.1;  706.61;    0.4;   49.29;    1.8;   -0.9;-999;eor
       5792;20180409;   10;  19.3;   7.5;    3;   0.0;   0;    0.683; 415;   7.0;   3.0;  703.10;   -1.8;   57.17;    1.6;   -4.5;-999;eor
       5792;20180410;   10;  17.4;   6.5;    3;   0.0;   0;    9.067; 410;   6.0;   3.5;  700.18;   -3.7;   76.13;   -0.8;   -6.6;-999;eor
       5792;20180411;   10;  27.9;   9.0;    3;   0.0;   0;    9.067; 410;   4.0;   2.9;  699.77;   -5.4;   70.83;   -3.5;   -8.9;-999;eor
       5792;20180412;   10;  38.2;  14.9;    3;   1.3;   7;    7.700; 405;   6.0;   3.4;  698.17;   -4.8;   79.13;   -3.6;   -5.7;-999;eor
       5792;20180413;   10;  26.6;   7.9;    3;   0.0;   7;    6.200; 405;   7.0;   3.1;  702.52;   -5.8;   77.13;   -3.9;   -7.9;-999;eor
       5792;20180414;   10;  15.9;   6.5;    3;   0.0;   0;   11.867; 405;   5.0;   2.7;  710.78;   -2.1;   51.50;    1.9;   -6.6;-999;eor
       5792;20180415;   10;  17.4;   7.2;    3;   7.2;   7;    2.317; 400;   7.7;   3.6;  707.94;   -0.8;   63.75;    0.9;   -2.8;-999;eor
       5792;20180416;   10;   8.2;   3.4;    3;   6.5;   7;    0.000; 400;   8.0;   4.7;  707.64;   -3.1;   96.88;   -2.2;   -4.2;-999;eor
       5792;20180417;   10;   7.4;   2.7;    3;   0.0;   0;    7.450; 405;   7.3;   4.4;  715.64;   -3.3;   92.29;   -0.9;   -4.6;-999;eor
       5792;20180418;   10;  22.5;   8.8;    3;   0.0;   0;   13.650; 400;   2.0;   2.2;  720.77;   -0.5;   37.17;    1.6;   -3.3;-999;eor
       5792;20180419;   10;  14.6;   6.8;    3;   0.0;   0;   13.583; 400;   0.7;   2.7;  721.45;    3.5;   34.58;    7.2;    0.4;-999;eor
       5792;20180420;   10;  13.9;   5.3;    3;   0.0;   0;   13.667; 400;   2.3;   2.6;  719.89;    4.9;   30.54;    8.2;    2.5;-999;eor
       5792;20180421;   10;   6.2;   2.1;    3;   0.0;   0;   12.850; 390;   3.3;   4.8;  716.93;    4.0;   59.04;    8.1;    1.1;-999;eor
       5792;20180422;   10;   9.1;   3.9;    3;   0.0;   0;   11.983; 380;   2.3;   5.2;  714.37;    2.2;   72.50;    6.6;    0.6;-999;eor
       5792;20180423;   10;  19.0;   4.6;    3;   3.0;   7;    6.500; 375;   7.3;   5.5;  713.27;    0.7;   86.54;    3.9;   -1.7;-999;eor
       5792;20180424;   10;  18.6;   6.7;    3;   0.0;   0;   10.850; 370;   4.3;   4.5;  712.53;   -0.7;   78.21;    1.6;   -3.6;-999;eor
       5792;20180425;   10;  21.6;   8.9;    3;   2.2;   7;   12.083; 365;   4.7;   4.2;  710.83;    0.9;   65.08;    3.0;   -0.8;-999;eor
       5792;20180426;   10;  21.1;   8.6;    3;   0.0;   0;    4.300; 365;   7.3;   4.4;  708.31;   -4.3;   97.92;   -0.4;   -7.4;-999;eor
       5792;20180427;   10;  28.0;  11.1;    3;   0.0;   0;   12.383; 365;   5.0;   4.7;  707.91;   -0.4;   78.38;    3.6;   -7.2;-999;eor
       5792;20180428;   10;  19.9;   7.4;    3;   0.0;   0;   12.133; 360;   4.3;   4.7;  709.07;    1.0;   70.75;    5.0;   -0.8;-999;eor
       5792;20180429;   10;  35.8;  12.5;    3;   0.1;   7;    9.583; 360;   4.7;   5.1;  705.93;    0.6;   80.00;    3.1;   -1.3;-999;eor
       5792;20180430;   10;  27.9;  10.0;    3;   0.0;   7;    8.233; 350;   5.3;   4.6;  701.75;   -2.6;   91.13;   -1.0;   -4.6;-999;eor
       5792;20180501;   10;  14.7;   7.9;    3;   0.0;   7;    3.283; 350;   8.0;   4.2;  703.70;   -4.4;   93.92;   -2.8;   -5.4;-999;eor
       5792;20180502;   10;  18.6;  10.4;    3;   0.1;   7;    3.717; 350;   7.0;   4.9;  704.44;   -2.1;   93.67;   -0.4;   -4.6;-999;eor
       5792;20180503;   10;  15.3;   8.4;    3;   0.0;   0;    7.267; 345;   7.0;   5.7;  706.63;   -0.6;   96.75;    1.2;   -1.9;-999;eor
       5792;20180504;   10;  18.5;   8.5;    3;   0.0;   0;    3.467; 340;   6.3;   6.1;  709.95;    0.2;   99.04;    1.6;   -1.0;-999;eor
       5792;20180505;   10;  17.2;   8.1;    3;   0.0;   6;    5.717; 335;   6.0;   6.1;  713.54;    1.2;   90.96;    3.0;   -1.1;-999;eor
       5792;20180506;   10;  10.8;   3.4;    3;   0.0;   0;   14.367; 330;   1.3;   5.0;  714.66;    2.2;   70.17;    5.6;   -0.3;-999;eor
       5792;20180507;   10;  14.6;   5.3;    3;   0.7;   7;   10.050; 325;   2.7;   5.3;  711.96;    1.7;   77.25;    4.7;    0.1;-999;eor
       5792;20180508;   10;   8.8;   3.0;    3;   0.0;   0;   10.883; 320;   3.7;   4.5;  707.62;    0.7;   70.17;    3.2;   -1.4;-999;eor
       5792;20180509;   10;  11.0;   4.0;    3;   2.8;   7;    5.550; 315;   5.7;   4.4;  703.77;   -2.2;   84.88;   -0.5;   -3.8;-999;eor
       5792;20180510;   10;  15.3;   5.1;    3;  11.9;   7;    3.517; 315;   7.3;   5.2;  706.98;   -1.5;   94.46;    2.0;   -3.2;-999;eor
       5792;20180511;   10;  12.0;   4.3;    3;   0.2;   7;    9.133; 315;   3.3;   5.3;  711.70;   -0.1;   87.83;    3.7;   -3.1;-999;eor
       5792;20180512;   10;  12.8;   4.9;    3;   0.1;   8;    5.150; 310;   5.3;   6.1;  711.06;    1.3;   90.25;    4.4;   -0.7;-999;eor
       5792;20180513;   10;  16.1;   5.9;    3;   0.0;   7;    8.417; 305;   4.3;   5.8;  706.61;    1.2;   86.38;    3.5;   -1.8;-999;eor
       5792;20180514;   10;  17.9;   6.8;    3;  38.8;   8;    6.517; 300;   5.7;   5.3;  703.88;   -0.8;   91.33;    2.2;   -2.5;-999;eor
       5792;20180515;   10;  13.7;   4.0;    3;  24.7;   7;    0.500; 310;   8.0;   4.4;  703.74;   -4.1;   97.88;   -2.2;   -5.7;-999;eor
       5792;20180516;   10;  14.5;   5.9;    3;  17.5;   7;    0.000; 323;   8.0;   4.3;  705.52;   -4.4;   96.42;   -3.3;   -5.2;-999;eor
       5792;20180517;   10;  10.9;   3.8;    3;   6.9;   7;    0.333; 343;   8.0;   4.5;  708.62;   -3.6;   96.17;   -2.3;   -5.0;-999;eor
       5792;20180518;   10;  10.5;   3.2;    3;  10.6;   7;    5.517; 343;   7.0;   4.5;  711.11;   -3.0;   90.25;    0.3;   -5.3;-999;eor
       5792;20180519;   10;   8.0;   2.9;    3;   1.8;   7;    6.167; 345;   6.0;   4.7;  710.91;   -2.0;   89.50;    1.5;   -3.7;-999;eor
       5792;20180520;   10;  17.0;   5.7;    3;   1.0;   8;    5.300; 345;   7.7;   5.4;  711.15;   -0.9;   94.17;    2.0;   -2.5;-999;eor
       5792;20180521;   10;  14.9;   4.9;    3;   2.6;   7;    9.500; 340;   4.7;   5.2;  710.30;   -0.1;   85.92;    2.5;   -2.6;-999;eor
       5792;20180522;   10;  10.2;   3.6;    3;   0.1;   7;    6.583; 330;   7.0;   5.5;  709.58;    0.6;   85.88;    2.7;   -0.6;-999;eor
       5792;20180523;   10;  10.3;   3.4;    3;   2.1;   7;    5.350; 325;   6.3;   5.9;  712.43;    1.4;   86.92;    5.1;   -1.0;-999;eor
       5792;20180524;   10;   8.3;   2.9;    3;   4.8;   7;    4.100; 320;   7.3;   6.2;  713.68;    1.5;   90.92;    5.5;   -0.1;-999;eor
       5792;20180525;   10;  10.6;   3.3;    3;   1.9;   8;    9.133; 315;   4.3;   6.3;  714.80;    1.8;   91.25;    5.7;   -0.9;-999;eor
       5792;20180526;   10;  10.3;   4.5;    3;   0.0;   0;   10.817; 310;   5.7;  -999;  717.46;    3.9;-999;    6.7;    1.5;-999;eor
       5792;20180527;   10;  13.0;   3.3;    3;  10.5;   8;    6.550; 300;   6.7;  -999;  717.11;    4.7;-999;    7.9;    2.9;-999;eor
       5792;20180528;   10;  17.5;   5.1;    3;   0.0;   0;    9.633; 295;   6.3;  -999;  715.96;    4.7;-999;    7.8;    2.7;-999;eor
       5792;20180529;   10;  15.6;   6.6;    3;   0.0;   6;    3.117; 290;   5.7;  -999;  713.96;    4.4;-999;    7.2;    2.2;-999;eor
       5792;20180530;   10;  15.0;   6.4;    3;   4.8;   8;    8.533; 285;   5.0;   6.9;  714.28;    4.5;   81.50;    7.5;    1.7;-999;eor
       5792;20180531;   10;  12.3;   5.5;    3;   5.9;   8;    8.083; 280;   6.7;   6.8;  714.41;    4.9;   79.00;    8.3;    2.1;-999;eor
       5792;20180601;   10;   7.3;   3.0;    3;   1.0;   4;    1.000; 275;   7.7;   7.0;  715.12;    2.6;   94.75;    4.7;    1.0;-999;eor
       5792;20180602;   10;   7.6;   2.4;    3;   7.7;   4;    5.367; 270;   5.9;   6.3;  715.50;    2.7;   85.00;    6.6;    1.2;-999;eor
       5792;20180603;   10;  10.9;   4.4;    3;   0.0;   0;   12.883; 265;   4.8;   6.0;  715.03;    4.5;   71.08;    8.2;    1.0;-999;eor
       5792;20180604;   10;  14.6;   4.5;    3;   0.5;   4;    8.500; 260;  -999;   6.9;  711.32;    4.6;   81.08;    7.9;    2.3;-999;eor
       5792;20180605;   10;  13.5;   4.0;    3;   0.0;   4;    4.050; 255;  -999;   7.3;  710.55;    3.7;   91.33;    7.8;    2.2;-999;eor
       5792;20180606;   10;  10.9;   4.0;    3;   6.0;   4;    6.250; 245;   7.2;   6.8;  712.31;    4.3;   81.38;    6.9;    2.8;-999;eor
       5792;20180607;   10;  10.1;   3.4;    3;   0.1;   4;    1.300; 240;   7.9;   7.4;  713.79;    4.5;   87.21;    7.0;    2.8;-999;eor
       5792;20180608;   10;  16.0;   4.9;    3;   0.0;   0;    7.067; 235;   7.8;   7.1;  711.92;    4.3;   85.25;    6.5;    2.6;-999;eor
       5792;20180609;   10;  14.9;   3.2;    3;  12.3;   4;    5.983; 225;   5.6;   7.5;  712.32;    4.4;   88.79;    7.9;    2.1;-999;eor
       5792;20180610;   10;  11.2;   5.1;    3;   1.7;   4;    4.583; 215;   7.3;   7.9;  713.38;    4.6;   92.83;    7.1;    3.0;-999;eor
       5792;20180611;   10;  22.2;   7.1;    3;   2.4;   4;    8.050; 205;   5.8;   7.8;  712.21;    5.9;   84.17;    8.4;    3.8;-999;eor
       5792;20180612;   10;  20.2;   5.8;    3;  22.7;   4;    4.650; 200;   7.0;   7.2;  708.46;    3.4;   91.88;    6.8;    0.7;-999;eor
       5792;20180613;   10;  10.4;   3.6;    3;  16.9;   4;    0.000; 195;   8.0;   5.8;  706.74;   -0.5;   98.29;    1.3;   -3.1;-999;eor
       5792;20180614;   10;   9.8;   3.3;    3;   0.0;   4;   12.900; 195;  -999;   4.4;  709.52;   -1.1;   77.79;    2.1;   -4.9;-999;eor
       5792;20180615;   10;   9.9;   3.3;    3;   0.0;   0;   12.650; 190;   3.0;   3.5;  711.57;    0.4;   55.33;    4.2;   -5.2;-999;eor
       5792;20180616;   10;   9.0;   3.1;    3;   0.0;   0;   10.083; 180;   4.6;   4.5;  712.66;    2.2;   62.13;    5.9;    0.5;-999;eor
       5792;20180617;   10;  10.9;   3.2;    3;  16.1;   4;    1.800; 180;   7.5;   6.2;  714.54;    1.7;   89.08;    4.8;   -0.8;-999;eor
       5792;20180618;   10;  11.1;   3.3;    3;   0.5;   4;    0.867; 175;   8.0;   6.5;  716.85;    1.1;   98.21;    2.3;   -0.2;-999;eor
       5792;20180619;   10;   8.9;   3.6;    3;   0.0;   4;    6.100; 170;   6.0;   6.4;  719.62;    3.0;   85.75;    5.5;   -0.2;-999;eor
       5792;20180620;   10;   7.9;   3.0;    3;   0.0;   0;   11.483; 160;   2.9;   6.9;  719.75;    7.3;   67.13;   10.9;    5.2;-999;eor
       5792;20180621;   10;  13.1;   5.5;    3;  17.1;   4;    4.550; 155;   5.8;   7.9;  716.25;    5.2;   88.88;    9.4;    1.2;-999;eor
       5792;20180622;   10;  16.9;   6.8;    3;   0.1;   4;    3.017; 150;   7.9;   4.6;  712.97;   -3.5;   96.75;    1.5;   -5.9;-999;eor
       5792;20180623;   10;  12.6;   5.1;    3;   0.2;   4;    6.583; 150;   7.3;   4.3;  713.89;   -3.6;   91.75;   -0.6;   -6.9;-999;eor
       5792;20180624;   10;  10.6;   4.2;    3;   5.1;   4;    3.767; 150;   7.9;   5.3;  712.87;   -1.6;   97.21;    0.2;   -3.8;-999;eor
       5792;20180625;   10;  11.5;   3.8;    3;   2.5;   4;    1.467; 150;   7.9;   5.1;  713.43;   -2.1;   97.67;   -0.8;   -4.0;-999;eor
       5792;20180626;   10;   6.9;   2.9;    3;   0.0;   4;    4.083; 150;   6.5;   5.4;  715.41;   -1.4;   96.88;    0.2;   -4.4;-999;eor
       5792;20180627;   10;  12.0;   3.4;    3;   6.8;   4;    0.833; 145;   7.8;   5.3;  714.18;   -1.6;   97.42;   -0.1;   -3.6;-999;eor
       5792;20180628;   10;  12.9;   3.7;    3;  22.8;   4;    0.000; 147;   7.9;   5.7;  711.75;   -0.9;   98.21;    0.7;   -3.2;-999;eor
       5792;20180629;   10;  11.9;   4.5;    3;   0.0;   4;    2.050; 140;   6.6;   7.5;  712.99;    3.2;   97.25;    5.9;    0.2;-999;eor
       5792;20180630;   10;  10.0;   3.4;    3;   0.0;   4;    9.900; 135;   3.7;   7.5;  713.82;    5.0;   85.17;    7.6;    3.3;-999;eor
       5792;20180701;   10;  15.1;   6.8;    3;   0.0;   4;    2.650; 130;   6.6;   8.2;  713.60;    4.7;   95.42;    6.0;    2.8;-999;eor
       5792;20180702;   10;  19.2;   7.0;    3;   0.0;   4;    6.083; 125;  -999;   8.6;  714.42;    6.4;   88.46;    7.9;    4.7;-999;eor
       5792;20180703;   10;  13.4;   5.0;    3;   6.8;   4;    1.333; 115;   7.8;   8.2;  715.75;    5.1;   93.50;    7.3;    3.0;-999;eor
       5792;20180704;   10;  12.2;   4.9;    3;   1.1;   4;    5.683; 115;   6.2;   7.0;  715.93;    3.8;   87.63;    6.6;    2.0;-999;eor
       5792;20180705;   10;  12.9;   4.9;    3;  23.8;   4;    1.933; 110;   7.6;   6.8;  713.74;    3.7;   85.75;    6.8;    0.7;-999;eor
       5792;20180706;   10;  13.5;   6.0;    3;  18.6;   4;    0.000; 100;   8.0;   6.7;  714.31;    1.3;   99.38;    2.2;    0.1;-999;eor
       5792;20180707;   10;   9.7;   3.8;    3;   2.2;   4;    1.450;  95;   7.9;   6.6;  717.26;    1.2;   98.88;    3.0;   -0.1;-999;eor
       5792;20180708;   10;   9.7;   3.9;    3;   0.1;   4;    0.333;  90;   7.8;   6.8;  717.32;    1.7;   98.42;    4.0;   -0.3;-999;eor
       5792;20180709;   10;   9.1;   3.4;    3;   0.0;   0;    5.667;  85;   7.5;   6.8;  716.29;    2.1;   95.13;    5.9;   -0.8;-999;eor
       5792;20180710;   10;  18.1;   6.7;    3;   5.5;   4;    1.167;  80;   7.6;   6.7;  712.60;    1.6;   97.42;    3.5;    0.0;-999;eor
       5792;20180711;   10;  19.1;   6.8;    3;   0.0;   4;    0.933;  75;   7.5;   6.0;  710.67;   -0.2;   99.17;    0.8;   -2.8;-999;eor
       5792;20180712;   10;  18.9;   7.0;    3;   0.0;   0;   11.400;  70;   2.7;   5.2;  713.51;    1.5;   76.00;    5.3;   -2.0;-999;eor
       5792;20180713;   10;  13.4;   3.5;    3;   0.1;   4;    7.633;  65;   4.1;   6.4;  716.65;    2.6;   87.29;    5.7;   -0.2;-999;eor
       5792;20180714;   10;  12.7;   4.1;    3;  10.1;   4;    3.183;  60;   7.3;   7.5;  717.12;    3.9;   92.17;    5.8;    2.1;-999;eor
       5792;20180715;   10;  12.6;   3.8;    3;   1.6;   4;    3.417;  55;   7.6;   7.0;  714.92;    3.4;   89.92;    7.0;    0.8;-999;eor
       5792;20180716;   10;  14.3;   5.3;    3;   0.2;   4;    3.933;  50;   7.5;   7.1;  712.54;    2.8;   95.38;    5.0;    0.7;-999;eor
       5792;20180717;   10;  13.8;   5.3;    3;   1.3;   4;    3.600;  45;   7.3;   6.7;  714.05;    1.6;   97.54;    2.9;   -0.3;-999;eor
       5792;20180718;   10;  10.3;   3.1;    3;   0.0;   4;    6.717;  40;   6.3;   7.2;  716.07;    3.5;   91.96;    7.0;    1.6;-999;eor
       5792;20180719;   10;   8.8;   3.3;    3;   0.0;   0;    9.250;   0;   3.9;   7.0;  716.12;    5.1;   78.83;    8.5;    2.8;-999;eor
       5792;20180720;   10;   9.6;   3.6;    3;   5.6;   4;    2.983;   0;   7.1;   8.1;  714.91;    5.2;   91.17;    8.0;    3.7;-999;eor
       5792;20180721;   10;  12.7;   5.0;    3;  12.5;   4;    0.150;   0;   7.9;   7.4;  711.41;    2.9;   97.71;    4.6;    1.7;-999;eor
       5792;20180722;   10;  11.0;   4.6;    3;  26.5;   4;    0.000;   0;   8.0;   7.0;  712.08;    2.0;   99.71;    2.9;    0.1;-999;eor
       5792;20180723;   10;   9.0;   3.1;    3;   0.1;   4;    1.833;   0;   6.9;   7.4;  714.85;    2.8;   98.79;    4.3;    1.1;-999;eor
       5792;20180724;   10;  10.8;   3.8;    3;   0.0;   0;   10.433;   0;   3.4;   7.5;  715.55;    5.7;   81.54;    9.2;    2.4;-999;eor
       5792;20180725;   10;  12.2;   2.9;    3;   2.7;   4;    7.783;   0;   5.2;   7.3;  716.29;    5.4;   81.38;    8.1;    3.6;-999;eor
       5792;20180726;   10;   8.0;   2.6;    3;   0.0;   0;    5.433;   0;   5.3;   7.6;  715.95;    5.5;   84.04;    8.1;    3.8;-999;eor
       5792;20180727;   10;  11.7;   3.3;    3;   0.0;   4;    8.900;   0;   3.5;   7.4;  714.91;    6.7;   75.21;    9.4;    4.7;-999;eor
       5792;20180728;   10;  15.8;   4.4;    3;   9.3;   4;    6.983;   0;   5.0;   7.6;  714.57;    6.0;   81.67;    8.9;    3.9;-999;eor
       5792;20180729;   10;  14.0;   4.5;    3;   0.0;   0;    9.950;   0;   6.4;   8.3;  716.80;    6.8;   84.17;   10.0;    2.6;-999;eor
       5792;20180730;   10;   8.8;   3.4;    3;   0.0;   0;   13.733;   0;   3.3;   8.7;  719.16;    8.4;   78.17;   12.1;    5.7;-999;eor
       5792;20180731;   10;   6.3;   3.0;    3;   0.0;   0;   13.633;   0;   2.2;   8.6;  720.23;    9.1;   74.67;   12.4;    7.4;-999;eor
       5792;20180801;   10;  12.2;   4.5;    3;   3.0;   4;    8.717;   0;   3.9;   9.1;  720.75;    8.9;   79.42;   11.2;    6.4;-999;eor
       5792;20180802;   10;  14.3;   4.8;    3;   3.4;   4;    3.600;   0;   7.4;   9.9;  720.98;    7.5;   95.92;    9.0;    6.1;-999;eor
       5792;20180803;   10;  14.1;   5.3;    3;   0.0;   0;    9.833;   0;   4.7;   9.5;  721.11;    8.7;   83.96;   12.6;    5.9;-999;eor
       5792;20180804;   10;   7.6;   2.5;    3;   0.0;   4;    8.767;   0;   3.4;   8.3;  720.38;    8.7;   74.13;   11.6;    7.0;-999;eor
       5792;20180805;   10;   7.5;   2.2;    3;   0.0;   4;    3.283;   0;   6.4;   9.8;  720.22;    7.8;   92.29;   11.3;    6.5;-999;eor
       5792;20180806;   10;  18.6;   3.9;    3;   0.0;   4;    8.767;   0;   7.0;   8.3;  719.25;    9.0;   72.33;   13.0;    6.8;-999;eor
       5792;20180807;   10;  19.4;   4.7;    3;   0.0;   0;    4.800;   0;   6.3;   8.2;  717.65;    8.3;   74.21;   10.3;    6.8;-999;eor
       5792;20180808;   10;  14.2;   5.0;    3;   0.2;   4;    6.583;   0;   6.3;   8.4;  717.55;    7.7;   79.46;   11.6;    5.8;-999;eor
       5792;20180809;   10;  16.8;   6.3;    3;  24.0;   4;   10.167;   0;   5.8;   7.9;  717.41;    8.3;   72.67;   12.6;    5.7;-999;eor
       5792;20180810;   10;  14.4;   4.7;    3;   7.0;   4;    0.417;   0;   7.8;   8.3;  718.50;    4.3;   99.63;    6.3;    2.3;-999;eor
       5792;20180811;   10;  12.0;   6.0;    3;   0.0;   0;    7.800;   0;   6.3;   6.8;  718.40;    2.6;   92.42;    4.9;    0.7;-999;eor
       5792;20180812;   10;  16.4;   6.8;    3;   2.4;   4;    9.050;   0;   4.1;   7.7;  716.81;    6.6;   77.92;   10.4;    3.6;-999;eor
       5792;20180813;   10;  19.2;   6.0;    3;  18.5;   4;    5.783;   0;   4.7;   7.9;  713.38;    5.8;   85.88;    8.8;    2.7;-999;eor
       5792;20180814;   10;  13.0;   4.4;    3;  10.6;   4;    0.317;-999;   8.0;   7.0;  713.30;    1.9;   99.67;    3.3;    0.7;-999;eor
       5792;20180815;   10;   7.5;   2.4;    3;   0.0;   0;    3.000;-999;   6.5;   6.9;  716.61;    2.3;   95.75;    5.2;   -0.2;-999;eor
       5792;20180816;   10;   8.4;   3.2;    3;   0.0;   0;   10.117;   0;   3.3;   6.7;  716.35;    5.3;   74.17;    8.7;    2.1;-999;eor
       5792;20180817;   10;   9.6;   3.3;    3;   0.0;   0;    7.117;   0;   5.0;   7.4;  716.34;    4.9;   85.08;    8.4;    3.2;-999;eor
       5792;20180818;   10;  10.3;   3.5;    3;   9.1;   4;    6.150;   0;   7.5;   8.2;  718.86;    5.8;   89.17;    8.2;    3.3;-999;eor
       5792;20180819;   10;   8.1;   2.7;    3;  12.1;   4;    6.767;   0;   5.2;   8.5;  719.88;    6.5;   87.58;    9.8;    4.1;-999;eor
       5792;20180820;   10;   7.3;   2.0;    3;   0.0;   0;    5.350;   0;   5.6;   8.5;  719.13;    6.2;   90.08;    9.4;    4.4;-999;eor
       5792;20180821;   10;  10.0;   2.8;    3;   0.5;   4;    8.633;   0;   4.8;   8.6;  719.07;    7.1;   85.54;   10.4;    4.6;-999;eor
       5792;20180822;   10;   8.3;   2.8;    3;   3.1;   4;    6.433;   0;   5.9;   8.4;  718.81;    7.6;   80.50;   10.3;    6.3;-999;eor
       5792;20180823;   10;  16.1;   4.0;    3;  20.7;   4;    2.983;   0;   7.7;   8.2;  716.26;    6.1;   86.79;    8.3;    3.0;-999;eor
       5792;20180824;   10;  13.4;   5.2;    3;  11.3;   4;    0.800;   0;   7.9;   7.6;  712.29;    3.2;   98.33;    4.8;    0.7;-999;eor
       5792;20180825;   10;  15.9;   4.8;    3;  12.0;   4;    0.767;   0;   7.9;   5.6;  708.33;   -1.2;   99.21;    1.2;   -4.7;-999;eor
       5792;20180826;   10;  11.8;   3.6;    3;   0.8;   4;    1.750;   8;   6.7;   3.4;  708.79;   -4.9;   82.17;   -1.2;   -7.1;-999;eor
       5792;20180827;   10;  15.8;   6.7;    3;   1.1;   4;    6.317;   4;   6.8;   4.6;  713.80;    2.0;   60.88;    5.0;   -2.7;-999;eor
       5792;20180828;   10;  13.5;   7.0;    3;   0.0;   0;   12.367;   0;   2.3;   5.6;  717.28;    5.8;   63.50;    9.5;    1.6;-999;eor
       5792;20180829;   10;  17.5;   6.1;    3;  17.5;   4;    9.133;   0;   5.9;   6.9;  715.99;    6.5;   71.92;   10.9;    2.7;-999;eor
       5792;20180830;   10;  16.9;   4.6;    3;  14.9;   4;    0.000;   0;   7.8;   7.2;  714.98;    2.2;   99.88;    3.3;    1.3;-999;eor
       5792;20180831;   10;   9.8;   4.1;    3;  41.1;   4;    0.000;   0;   7.7;   6.5;  712.97;    0.8;   99.46;    3.0;   -0.9;-999;eor
       5792;20180901;   10;   8.5;   2.9;    3;   6.3;   4;    0.000;  13;   8.0;   5.8;  713.01;   -0.7;   99.29;   -0.1;   -2.1;-999;eor
       5792;20180902;   10;  14.2;   6.6;    3;   0.0;   4;    4.283;   6;   7.2;   6.2;  712.80;    0.3;   98.96;    1.9;   -1.0;-999;eor
       5792;20180903;   10;   7.1;   3.3;    3;   0.0;   4;    6.350;   0;   4.8;   5.4;  711.19;    0.3;   85.54;    3.4;   -1.1;-999;eor
       5792;20180904;   10;   7.6;   3.1;    3;   0.0;   4;    0.100;   0;   6.6;   6.2;  712.43;    1.0;   94.67;    3.8;   -1.1;-999;eor
       5792;20180905;   10;   9.9;   4.1;    3;   0.0;   0;    8.750;   0;   3.3;   6.7;  714.42;    3.6;   85.17;    7.2;    0.9;-999;eor
       5792;20180906;   10;  10.8;   3.5;    3;   8.5;   4;    7.300;   0;   6.0;   6.5;  711.95;    3.7;   81.58;    7.6;    1.6;-999;eor
       5792;20180907;   10;  11.7;   4.0;    3;   7.7;   4;    0.383;   0;   8.0;   6.5;  711.93;    0.9;   99.71;    2.4;   -0.8;-999;eor
       5792;20180908;   10;  14.4;   7.7;    3;   0.0;   0;   12.900;   0;   2.8;   5.0;  716.05;    2.4;   69.79;    5.8;   -1.2;-999;eor
       5792;20180909;   10;  13.4;   6.6;    3;   0.0;   0;   10.150;   0;   3.8;   5.8;  718.79;    4.0;   70.88;    7.8;    2.1;-999;eor
       5792;20180910;   10;  12.3;   5.1;    3;   0.0;   0;    8.267;   0;  -999;   5.9;  720.28;    3.1;   76.71;    5.7;    1.2;-999;eor
       5792;20180911;   10;  13.1;   6.6;    3;   0.0;   0;   12.683;   0;  -999;   3.9;  722.72;    5.9;   42.83;    9.1;    1.7;-999;eor
       5792;20180912;   10;-999;   4.2;    3;   0.0;   0;   11.433;   0;  -999;   5.2;  721.73;    8.2;   49.54;   11.5;    5.1;-999;eor
       5792;20180913;   10;   8.6;   2.3;    3;  16.1;   4;    3.417;   0;  -999;   7.5;  716.74;    4.7;   88.67;    7.2;    2.2;-999;eor
       5792;20180914;   10;  10.2;   3.2;    3;   0.9;   4;    1.333;   0;  -999;   7.2;  715.32;    2.3;   99.38;    3.6;    0.8;-999;eor
       5792;20180915;   10;  14.7;   5.1;    3;   1.7;   4;    5.833;   0;   6.4;   7.2;  717.63;    2.5;   97.83;    4.3;    0.5;-999;eor
       5792;20180916;   10;  14.1;   6.1;    3;   2.6;   6;   10.050;   0;   4.1;   6.8;  719.06;    4.8;   78.83;    8.4;    3.1;-999;eor
       5792;20180917;   10;   9.1;   4.6;    3;   0.0;   4;    5.700;   0;  -999;  -999;  718.61;    4.7;-999;    7.3;    2.9;-999;eor
       5792;20180918;   10;  11.2;   3.6;    3;   9.5;   4;    3.017;   0;   4.2;   7.1;  717.65;    4.5;   84.21;    7.6;    1.8;-999;eor
       5792;20180919;   10;   6.7;   2.6;    3;   0.0;   4;    4.550;   0;   4.5;   6.7;  718.98;    3.7;   83.79;    7.8;    1.7;-999;eor
       5792;20180920;   10;   9.8;   3.3;    3;   0.0;   0;   12.067;   0;   0.0;   5.7;  718.74;    5.7;   60.92;    8.6;    3.3;-999;eor
       5792;20180921;   10;  15.8;   5.0;    3;  13.1;   4;    8.567;   0;   4.5;   7.0;  715.01;    5.5;   77.63;    9.0;    0.8;-999;eor
       5792;20180922;   10;  32.5;  10.9;    3;   5.2;   4;    5.200;   0;   8.0;   5.4;  714.09;   -0.5;   89.63;    3.9;   -5.4;-999;eor
       5792;20180923;   10;  27.6;  11.0;    3;  12.9;   4;    1.383;   0;   7.6;   8.0;  713.80;    4.7;   93.08;    7.8;   -3.2;-999;eor
       5792;20180924;   10;  12.7;   3.9;    3;   2.8;   4;    3.983;   6;   7.5;   3.2;  715.00;   -7.6;   92.29;   -3.1;  -11.4;-999;eor
       5792;20180925;   10;  10.0;   3.5;    3;   0.0;   4;   12.067;   8;   0.0;   1.2;  719.48;   -5.8;   34.75;    0.1;  -11.4;-999;eor
       5792;20180926;   10;   9.6;   3.2;    3;   0.0;   0;   11.600;   5;   5.5;   1.5;  724.15;    2.8;   19.42;    5.4;   -0.4;-999;eor
       5792;20180927;   10;   9.3;   4.0;    3;   0.0;   0;   12.017;   0;   0.5;   4.1;  722.93;    5.6;   43.92;   10.2;    2.4;-999;eor
       5792;20180928;   10;  11.2;   5.6;    3;   1.7;   4;    9.717;   0;   2.9;   4.3;  716.45;    2.4;   62.08;    5.1;   -1.6;-999;eor
       5792;20180929;   10;  12.0;   3.2;    3;   0.0;   0;   11.683;   0;   6.3;   4.7;  714.77;    1.3;   72.13;    5.0;   -2.4;-999;eor
       5792;20180930;   10;  13.1;   4.2;    3;  14.0;   8;    9.267;   0;   2.9;   5.0;  712.35;    1.2;   75.46;    4.5;   -0.5;-999;eor
       5792;20181001;   10;   9.8;   3.3;    3;  37.1;   8;    0.000;  10;   8.0;   3.9;  705.98;   -5.7;   93.83;   -0.2;   -9.4;-999;eor
       5792;20181002;   10;  16.5;   6.3;    3;   4.1;   7;    5.567;  40;   7.3;   3.5;  709.44;   -6.4;   85.21;   -0.9;  -12.3;-999;eor
       5792;20181003;   10;  16.3;   6.5;    3;   1.1;   8;    0.000;  30;   7.4;   4.5;  714.79;   -3.2;   92.96;   -0.7;   -7.5;-999;eor
       5792;20181004;   10;  10.1;   4.1;    3;   0.0;   0;   11.567;  25;   0.5;   2.6;  717.97;    2.1;   37.13;    5.4;   -2.3;-999;eor
       5792;20181005;   10;  11.2;   5.0;    3;   0.0;   7;   11.017;  15;   1.9;   4.0;  716.85;    4.2;   48.96;    6.2;    2.8;-999;eor
       5792;20181006;   10;  10.0;   3.2;    3;   1.0;   8;    5.767;  12;   7.6;   5.3;  711.97;    2.6;   72.46;    5.4;    0.4;-999;eor
       5792;20181007;   10;  10.0;   2.4;    3;   0.0;   8;    0.067;  10;   7.0;   5.8;  710.86;   -0.1;   96.04;    0.9;   -0.8;-999;eor
       5792;20181008;   10;   7.3;   3.0;    3;   0.0;   0;   11.217;   8;   0.1;   5.6;  714.70;    2.6;   75.50;    5.2;   -0.2;-999;eor
       5792;20181009;   10;   7.0;   3.1;    3;   0.0;   0;   11.183;   8;   1.3;   5.0;  716.64;    3.0;   65.50;    5.2;    1.4;-999;eor
       5792;20181010;   10;  25.9;   8.0;    3;   0.0;   0;   11.150;   8;   0.0;   4.4;  714.83;    1.7;   63.92;    3.5;   -0.4;-999;eor
       5792;20181011;   10;  22.6;  10.6;    3;   0.0;   7;    8.100;   5;   3.2;   4.9;  713.63;    1.3;   72.04;    3.4;   -1.3;-999;eor
       5792;20181012;   10;  13.1;   4.1;    3;   0.0;   0;   10.800;   3;   1.6;   5.7;  719.10;    2.2;   79.75;    4.1;    0.2;-999;eor
       5792;20181013;   10;  12.4;   5.8;    3;   0.0;   0;   11.000;   3;   0.0;   4.9;  717.78;    2.8;   65.75;    5.0;    1.6;-999;eor
       5792;20181014;   10;  19.2;   9.6;    3;   0.0;   0;   10.900;   3;   0.4;   3.4;  712.66;    1.0;   53.04;    2.6;   -1.4;-999;eor
       5792;20181015;   10;  18.6;   8.9;    3;   0.0;   0;   10.133;   0;   0.4;   4.3;  711.48;   -1.0;   75.21;    0.9;   -2.3;-999;eor
       5792;20181016;   10;  10.0;   3.5;    3;   0.0;   0;   10.233;   0;   0.8;   4.5;  713.69;   -0.6;   76.29;    2.1;   -2.3;-999;eor
       5792;20181017;   10;   7.8;   3.4;    3;   0.0;   0;   10.367;   0;   0.0;   4.5;  713.52;    0.7;   70.17;    3.5;   -1.3;-999;eor
       5792;20181018;   10;   8.0;   2.2;    3;   0.0;   0;    9.667;   0;   6.6;   4.0;  713.22;    1.2;   60.88;    4.4;   -0.6;-999;eor
       5792;20181019;   10;   9.6;   3.3;    3;   0.0;   0;   10.567;   0;   2.7;   2.9;  714.65;    1.7;   42.38;    4.4;   -1.4;-999;eor
       5792;20181020;   10;  10.6;   5.3;    3;   0.0;   0;   10.650;   0;   1.6;   2.6;  717.26;   -0.7;   46.08;    2.4;   -2.5;-999;eor
       5792;20181021;   10;  12.1;   4.7;    3;   0.0;   7;    5.317;   0;   3.5;   1.1;  714.61;   -3.3;   22.92;   -0.9;   -4.8;-999;eor
       5792;20181022;   10;  10.8;   3.3;    3;   0.0;   7;   10.533;   0;   1.5;   1.9;  714.67;   -2.3;   38.21;    0.0;   -5.0;-999;eor
       5792;20181023;   10;  23.3;   6.2;    3;   0.7;   8;    7.000;   0;   6.6;   3.0;  715.12;   -2.7;   59.08;    0.0;   -6.9;-999;eor
       5792;20181024;   10;  22.5;   7.7;    3;   7.6;   8;    0.000;   0;   8.0;   5.5;  712.95;   -1.4;   98.83;   -0.1;   -2.7;-999;eor
       5792;20181025;   10;  16.0;   6.5;    3;   0.0;   0;   10.367;   2;   2.7;   4.1;  711.95;   -3.2;   83.42;   -1.0;   -6.7;-999;eor
       5792;20181026;   10;  17.7;   8.9;    3;   0.4;   7;    9.917;   0;   4.1;   3.3;  706.14;   -1.2;   58.63;    0.9;   -3.7;-999;eor
       5792;20181027;   10;  18.8;   6.6;    3;   7.0;   7;    0.000;   1;   7.6;   3.9;  698.05;   -5.2;   94.00;   -2.2;   -7.2;-999;eor
       5792;20181028;   10;  22.0;   9.8;    3;   0.1;   7;    0.750;  11;   7.1;   4.8;  696.27;   -2.6;   94.96;   -1.3;   -4.8;-999;eor
       5792;20181029;   10;  35.4;  14.0;    3;   6.1;   8;    1.283;  11;   7.3;   5.0;  693.76;   -2.3;   95.67;   -0.3;   -5.3;-999;eor
       5792;20181030;   10;  36.5;  13.7;    3;   0.2;   7;    0.750;   8;   6.2;   3.4;  694.00;   -6.8;   92.75;   -5.4;   -8.5;-999;eor
       5792;20181031;   10;  19.6;   8.7;    3;   0.0;   4;    3.067;   8;   6.9;   3.4;  707.21;   -5.2;   81.92;   -1.3;   -8.5;-999;eor
       5792;20181101;   10;  33.4;  10.1;    3;   0.0;   7;    3.300;   8;   5.8;   3.8;  706.94;   -4.0;   84.04;   -1.7;   -5.8;-999;eor
       5792;20181102;   10;  11.7;   5.4;    3;   0.6;   7;    1.900;   7;   7.8;   4.2;  711.03;   -3.8;   90.50;    0.5;   -5.7;-999;eor
       5792;20181103;   10;  15.7;   7.6;    3;   0.0;   0;    9.733;   7;   4.3;   4.7;  714.14;   -1.3;   85.42;    0.6;   -2.6;-999;eor
       5792;20181104;   10;  13.7;   7.0;    3;   0.0;   0;    4.067;   6;   8.0;   4.9;  711.38;    0.0;   80.50;    1.5;   -1.8;-999;eor
       5792;20181105;   10;  24.9;   8.5;    3;   0.0;   0;    5.417;   4;   4.6;   4.7;  707.16;   -1.5;   85.75;    1.1;   -3.0;-999;eor
       5792;20181106;   10;  27.2;  14.4;    3;   0.0;   0;    4.517;   4;   6.7;   4.5;  706.48;   -1.6;   82.33;   -0.2;   -3.3;-999;eor
       5792;20181107;   10;  22.8;   9.3;    3;   0.6;   7;    8.517;   4;   5.4;   4.3;  707.56;   -2.5;   84.75;   -0.8;   -4.0;-999;eor
       5792;20181108;   10;  17.0;   6.4;    3;   0.0;   7;    5.200;   5;   5.9;   4.3;  710.71;   -3.0;   88.21;   -1.7;   -3.7;-999;eor
       5792;20181109;   10;  16.7;   6.7;    3;   0.0;   0;    0.100;   5;   6.3;   3.7;  709.21;   -1.7;   68.17;   -0.4;   -3.2;-999;eor
       5792;20181110;   10;  23.7;  10.7;    3;   0.0;   0;    9.250;   5;   0.6;   3.7;  706.08;   -2.1;   70.21;    0.0;   -3.3;-999;eor
       5792;20181111;   10;  22.1;  11.0;    3;   0.0;   0;    7.333;   4;   4.0;   4.0;  708.88;   -1.3;   72.17;    1.6;   -3.5;-999;eor
       5792;20181112;   10;  18.0;   9.0;    3;   0.0;   0;    8.283;   4;   2.1;   4.0;  714.57;    2.1;   56.21;    5.1;    0.0;-999;eor
       5792;20181113;   10;  15.8;   6.8;    3;   0.1;   7;    5.850;   3;   7.5;   4.4;  716.99;   -1.1;   78.75;    1.9;   -5.6;-999;eor
       5792;20181114;   10;  18.5;   5.8;    3;   0.0;   0;    9.383;   3;   2.6;   1.2;  717.59;   -0.6;   26.33;    3.9;   -7.1;-999;eor
       5792;20181115;   10;   8.2;   3.2;    3;   0.0;   0;    9.033;   0;   6.5;   1.3;  715.86;    1.7;   19.13;    5.5;   -1.0;-999;eor
       5792;20181116;   10;  12.3;   4.3;    3;   0.0;   0;    9.300;   0;   0.0;   1.0;  713.15;   -2.9;   18.71;   -0.8;   -6.1;-999;eor
       5792;20181117;   10;  15.2;   7.0;    3;   0.0;   0;    9.167;   0;   0.0;   1.3;  708.87;   -8.0;   40.04;   -6.0;  -10.1;-999;eor
       5792;20181118;   10;  13.0;   5.0;    3;   0.6;   7;    9.183;   0;   1.8;   1.7;  704.17;   -9.6;   60.33;   -6.1;  -13.1;-999;eor
       5792;20181119;   10;  18.2;   8.3;    3;   1.1;   7;    1.800;   2;   7.3;   1.9;  693.95;  -13.7;   87.67;  -12.5;  -14.3;-999;eor
       5792;20181120;   10;  17.4;   6.2;    3;   0.0;   0;    8.117;   3;   2.8;   2.1;  695.29;   -8.7;   67.17;   -5.1;  -13.4;-999;eor
       5792;20181121;   10;   8.9;   4.3;    3;   0.0;   7;    8.233;   3;   5.1;   1.3;  702.64;   -3.9;   29.21;   -1.3;   -5.8;-999;eor
       5792;20181122;   10;   9.8;   3.4;    3;   0.0;   7;    5.617;   3;   6.9;   2.9;  706.30;   -6.9;   79.96;   -4.7;   -8.0;-999;eor
       5792;20181123;   10;  24.2;   6.9;    3;   0.0;   7;    5.400;   3;   5.3;   2.4;  706.39;   -6.3;   62.42;   -3.3;   -8.7;-999;eor
       5792;20181124;   10;  19.0;   6.9;    3;   0.8;   7;    0.367;   3;   7.5;   3.6;  703.23;   -6.0;   92.04;   -4.6;   -8.0;-999;eor
       5792;20181125;   10;  11.8;   5.6;    3;   0.0;   0;    5.850;   4;   6.4;   1.3;  698.50;   -6.4;   36.79;   -4.1;   -9.5;-999;eor
       5792;20181126;   10;   9.3;   3.4;    3;   6.8;   7;    3.767;   4;   7.9;   1.9;  693.89;   -9.2;   64.63;   -5.2;  -12.1;-999;eor
       5792;20181127;   10;  13.6;   4.6;    3;   4.3;   7;    0.000;  18;   7.3;   2.0;  700.09;  -13.2;   89.67;  -12.1;  -15.3;-999;eor
       5792;20181128;   10;  10.1;   3.9;    3;   0.0;   0;    8.550;  25;   4.5;   0.8;  707.35;   -9.5;   29.71;   -5.4;  -15.4;-999;eor
       5792;20181129;   10;   9.0;   3.9;    3;   0.1;   7;    3.817;  23;   7.8;   3.6;  710.04;   -2.4;   68.29;    1.7;   -6.4;-999;eor
       5792;20181130;   10;  10.3;   3.2;    3;   4.8;   7;    0.000;  20;   7.8;   3.2;  704.90;   -6.4;   85.29;   -1.5;   -8.5;-999;eor
       5792;20181201;   10;  21.5;   7.9;    3;   0.0;   4;    6.817;  25;   6.3;   2.3;  704.61;   -8.5;   71.13;   -6.1;   -9.9;-999;eor
       5792;20181202;   10;  27.0;  10.6;    3;  23.0;   7;    0.000;  25;   7.7;   4.3;  703.54;   -3.5;   90.13;   -2.4;   -7.0;-999;eor
       5792;20181203;   10;  29.2;  10.7;    3;  14.5;   7;    0.067;  40;   7.8;   4.3;  702.86;   -4.1;   95.88;   -3.3;   -6.6;-999;eor
       5792;20181204;   10;  24.0;   7.1;    3;  17.5;   7;    0.000;  35;   7.9;   3.2;  706.17;   -7.9;   94.29;   -6.5;   -8.9;-999;eor
       5792;20181205;   10;  19.4;   7.0;    3;   9.7;   7;    0.117;  40;   7.8;   3.3;  710.63;   -6.7;   86.67;   -2.7;  -10.1;-999;eor
       5792;20181206;   10;  17.9;   5.9;    3;   5.4;   7;    2.217;  50;   7.9;   3.8;  709.83;   -5.6;   93.50;   -3.7;   -7.4;-999;eor
       5792;20181207;   10;  27.3;   9.7;    3;  11.4;   7;    0.383;  50;   7.4;   4.1;  706.93;   -3.7;   87.42;    0.0;   -8.7;-999;eor
       5792;20181208;   10;  31.8;  11.5;    3;  10.7;   7;    0.000;  55;   7.9;   2.3;  700.16;  -11.6;   89.88;   -7.3;  -13.8;-999;eor
       5792;20181209;   10;  39.6;  12.1;    3;  36.4;   7;    0.000;  58;   7.6;   2.8;  695.91;   -9.7;   94.13;   -7.4;  -12.0;-999;eor
       5792;20181210;   10;  19.8;   6.0;    3;  42.2;   7;    0.000;  85;   8.0;   1.8;  701.68;  -14.1;   88.46;  -11.8;  -16.2;-999;eor
       5792;20181211;   10;  13.2;   4.3;    3;   6.9;   7;    0.000; 120;   7.8;   1.4;  701.74;  -17.2;   87.88;  -16.1;  -18.1;-999;eor
       5792;20181212;   10;   8.8;   4.0;    3;   0.0;   7;    8.433; 135;   2.7;   1.4;  700.70;  -17.0;   84.79;  -15.1;  -18.6;-999;eor
       5792;20181213;   10;  13.1;   6.1;    3;   0.0;   0;    8.450; 120;   0.0;   1.0;  696.05;  -16.7;   60.21;  -15.0;  -18.2;-999;eor
       5792;20181214;   10;   9.2;   3.9;    3;   0.0;   4;    8.467; 110;   0.0;   0.9;  697.96;  -16.3;   51.04;  -14.3;  -18.1;-999;eor
       5792;20181215;   10;  10.3;   3.6;    3;   0.3;   7;    8.367; 105;   0.0;   1.3;  700.95;  -15.6;   69.42;  -13.7;  -17.7;-999;eor
       5792;20181216;   10;  24.1;   7.4;    3;   8.8;   7;    0.000; 105;   7.6;   2.3;  700.23;  -10.5;   79.58;   -7.7;  -14.0;-999;eor
       5792;20181217;   10;  13.5;   5.7;    3;   1.1;   7;    0.533; 115;   7.9;   2.0;  705.38;  -12.4;   85.92;  -11.5;  -14.0;-999;eor
       5792;20181218;   10;  13.7;   5.3;    3;   0.0;   4;    7.850; 115;   3.0;   1.5;  709.14;   -9.4;   52.79;   -4.6;  -13.9;-999;eor
       5792;20181219;   10;  17.2;   6.8;    3;   2.8;   7;    0.350; 110;   7.4;   2.4;  705.53;   -7.3;   68.58;   -4.3;  -10.3;-999;eor
       5792;20181220;   10;  19.4;   7.9;    3;   0.6;   7;    2.317; 110;   7.6;   2.4;  704.39;  -11.1;   89.38;   -9.4;  -12.1;-999;eor
       5792;20181221;   10;  44.0;  16.2;    3;  12.9;   7;    0.000; 105;   7.3;   3.1;  705.23;   -7.3;   81.75;   -3.7;  -12.2;-999;eor
       5792;20181222;   10;  33.6;  11.0;    3;  38.7;   7;    0.000; 115;   7.8;   3.7;  706.86;   -6.5;   97.29;   -3.9;   -8.5;-999;eor
       5792;20181223;   10;  27.6;  10.6;    3;  36.8;   7;    0.000; 150;   8.0;   3.7;  708.72;   -6.5;   96.88;   -3.4;   -8.4;-999;eor
       5792;20181224;   10;  30.9;   7.0;    3;  26.5;   7;    0.000; 170;   7.6;   2.8;  707.67;  -10.5;   93.33;   -3.5;  -15.2;-999;eor
       5792;20181225;   10;  14.7;   4.7;    3;   0.8;   7;    4.367; 190;   5.1;   1.1;  712.78;  -12.6;   45.50;   -7.8;  -14.7;-999;eor
       5792;20181226;   10;  11.8;   5.6;    3;   0.0;   0;    8.100; 160;   2.0;   1.3;  714.76;   -7.0;   35.96;   -4.7;   -9.1;-999;eor
       5792;20181227;   10;  10.2;   4.3;    3;   0.0;   7;    5.600; 160;   7.0;   2.7;  714.15;   -3.6;   57.13;   -0.2;   -5.6;-999;eor
       5792;20181228;   10;  12.5;   5.9;    3;   0.0;   7;    5.267; 160;   5.8;   2.4;  713.31;   -5.7;   59.79;   -4.5;   -9.2;-999;eor
       5792;20181229;   10;  20.2;   6.3;    3;  11.7;   7;    4.867; 160;   6.8;   2.1;  713.37;   -8.2;   65.46;   -6.4;  -11.1;-999;eor
       5792;20181230;   10;  19.0;   7.0;    3;  29.0;   7;    0.000; 165;   7.8;   2.1;  711.31;  -12.1;   87.54;   -9.2;  -14.2;-999;eor
       5792;20181231;   10;  16.3;   6.1;    3;  14.0;   7;    0.000; 185;   7.9;   3.0;  713.85;   -8.7;   94.58;   -5.8;  -11.1;-999;eor
       5792;20190101;    3;  20.3;   6.8;    3;  20.1;   7;    8.383; 200;   6.9;   2.5;  712.10;   -8.4;   76.71;   -6.0;  -12.0;-999;eor
       5792;20190102;    3;  19.3;   6.7;    3;  65.0;   7;    0.000; 210;   5.6;   1.5;  704.97;  -17.6;   95.38;  -12.0;  -20.9;-999;eor
       5792;20190103;    3;  12.2;   5.6;    3;  11.3;   7;    0.433; 265;   6.0;   1.1;  706.80;  -21.0;   91.42;  -19.9;  -22.4;-999;eor
       5792;20190104;    3;  17.2;   5.8;    3;  12.6;   7;    0.200; 250;   7.9;   1.3;  708.23;  -17.9;   86.67;  -14.7;  -20.1;-999;eor
       5792;20190105;    3;  17.3;   7.2;    3;  41.5;   7;    0.000; 260;   8.0;   2.0;  707.20;  -13.0;   88.54;  -11.2;  -16.8;-999;eor
       5792;20190106;    3;  14.3;   5.7;    3;  30.9;   7;    0.000; 285;   8.0;   2.0;  708.60;  -13.1;   89.96;  -12.2;  -13.6;-999;eor
       5792;20190107;    3;  13.5;   5.2;    3;   9.9;   7;    0.050; 300;   7.9;   1.9;  709.71;  -13.0;   85.63;  -11.4;  -13.9;-999;eor
       5792;20190108;    3;  24.9;   9.7;    3;  25.5;   7;    0.000; 290;   7.9;   2.2;  700.55;  -12.0;   87.46;   -8.6;  -15.6;-999;eor
       5792;20190109;    3;  21.3;   6.1;    3;  27.6;   7;    0.000; 300;   7.8;   1.4;  693.33;  -17.6;   90.42;  -15.4;  -19.2;-999;eor
       5792;20190110;    3;   9.2;   3.7;    3;  19.0;   7;    0.000; 325;   7.7;   1.3;  697.80;  -18.5;   91.58;  -17.8;  -19.3;-999;eor
       5792;20190111;    3;  14.5;   5.3;    3;  14.4;   7;    5.333; 345;  -999;   1.3;  701.18;  -17.8;   84.29;  -12.6;  -21.7;-999;eor
       5792;20190112;    3;  22.2;   7.8;    3;  17.9;   7;    3.300; 345;   7.6;   2.1;  703.56;  -12.2;   87.00;   -9.6;  -13.1;-999;eor
       5792;20190113;    3;  28.0;  10.7;    3;  65.9;   7;    0.000; 365;   8.0;   2.5;  696.34;  -10.5;   89.79;   -7.6;  -12.5;-999;eor
       5792;20190114;    3;  22.7;   7.7;    3;  61.5;   7;    0.000; 400;   7.9;   2.1;  694.59;  -13.5;   94.83;   -9.3;  -16.9;-999;eor
       5792;20190115;    3;  18.2;   7.0;    3;   0.2;   7;    0.817; 465;   8.0;   1.7;  702.25;  -14.7;   85.79;   -9.7;  -17.4;-999;eor
       5792;20190116;    3;  23.5;  10.1;    3;   0.0;   4;    8.650; 440;   5.4;   1.9;  703.70;   -6.9;   51.42;   -5.0;   -9.8;-999;eor
       5792;20190117;    3;  26.0;  10.7;    3;   7.4;   7;    5.467; 430;   5.0;   2.0;  697.76;  -10.0;   70.88;   -5.2;  -16.1;-999;eor
       5792;20190118;    3;  19.1;   5.2;    3;   0.3;   7;    6.167; 435;   7.2;   1.1;  697.32;  -17.1;   68.75;  -13.9;  -19.4;-999;eor
       5792;20190119;    3;  12.7;   6.5;    3;   0.0;   4;    8.350; 420;   5.1;   1.1;  696.87;  -14.8;   55.42;  -12.1;  -15.8;-999;eor
       5792;20190120;    3;  13.2;   4.8;    3;   0.5;   7;    5.950; 410;   5.9;   1.4;  697.17;  -14.8;   68.92;  -13.1;  -16.4;-999;eor
       5792;20190121;    3;   5.3;   2.0;    3;   0.0;   0;    9.050; 400;   0.8;   1.6;  699.13;  -13.4;   73.88;   -8.4;  -14.9;-999;eor
       5792;20190122;    3;   6.3;   2.5;    3;   0.0;   7;    9.100; 395;   1.0;   0.8;  693.15;  -12.9;   34.29;   -9.5;  -15.3;-999;eor
       5792;20190123;    3;   6.0;   2.7;    3;   0.3;   7;    0.250; 395;   4.3;   1.3;  683.62;  -15.2;   67.71;  -12.7;  -17.5;-999;eor
       5792;20190124;    3;  11.2;   3.2;    3;   0.1;   7;    9.133; 385;   1.7;   0.9;  688.27;  -17.3;   59.83;  -12.0;  -21.0;-999;eor
       5792;20190125;    3;  17.0;   7.6;    3;   7.5;   7;    6.200; 375;   6.7;   0.9;  693.69;  -19.2;   67.29;  -11.0;  -21.6;-999;eor
       5792;20190126;    3;  25.2;   9.2;    3;  15.4;   7;    1.967; 375;   8.0;   2.3;  697.99;   -9.9;   81.29;   -6.8;  -11.8;-999;eor
       5792;20190127;    3;  26.8;  10.6;    3;   9.3;   7;    4.450; 385;   7.4;   1.7;  688.50;   -9.0;   58.92;   -5.5;  -12.7;-999;eor
       5792;20190128;    3;  22.8;   7.8;    3;  13.9;   7;    2.800; 385;   7.9;   1.4;  685.87;  -16.8;   86.25;  -12.6;  -17.7;-999;eor
       5792;20190129;    3;  19.4;   7.2;    3;   2.3;   7;    5.350; 390;   6.6;   1.3;  689.28;  -17.8;   83.04;  -16.7;  -18.9;-999;eor
       5792;20190130;    3;  17.5;   6.5;    3;   3.1;   7;    0.267; 380;   7.6;   1.5;  685.15;  -16.0;   82.38;  -12.9;  -19.9;-999;eor
       5792;20190131;    3;  33.9;  10.2;    3;   0.1;   7;    8.133; 380;   5.3;   1.3;  685.24;  -15.8;   73.67;   -8.5;  -18.2;-999;eor
       5792;20190201;    3;  31.0;  14.3;    3;  10.2;   7;    3.950; 380;   7.2;   2.8;  686.22;   -7.6;   81.67;   -6.4;  -10.0;-999;eor
       5792;20190202;    3;  21.2;   6.6;    3;  19.7;   7;    1.650; 390;   7.7;   2.8;  688.68;   -8.7;   87.42;   -6.6;  -10.3;-999;eor
       5792;20190203;    3;  10.2;   4.3;    3;  18.7;   7;    0.000; 415;   8.0;   1.7;  695.27;  -15.3;   91.13;  -10.4;  -18.6;-999;eor
       5792;20190204;    3;   8.2;   3.8;    3;   0.0;   4;    9.600; 460;   2.0;   1.3;  706.57;  -12.4;   60.00;   -6.0;  -18.5;-999;eor
       5792;20190205;    3;   8.6;   3.8;    3;   0.0;   4;    8.617; 440;   2.5;   0.9;  710.32;   -8.5;   28.13;   -6.3;  -10.6;-999;eor
       5792;20190206;    3;  15.9;   5.6;    3;   0.0;   4;    9.817; 420;   3.9;   1.0;  710.87;   -5.8;   25.46;   -3.3;   -7.7;-999;eor
       5792;20190207;    3;  17.9;   9.1;    3;   9.1;   7;    2.917; 420;   7.7;   1.6;  705.60;   -6.7;   47.67;   -4.0;  -11.6;-999;eor
       5792;20190208;    3;  21.0;   8.0;    3;   0.0;   4;    8.533; 420;   6.1;   1.9;  704.41;  -10.5;   69.08;   -6.2;  -15.3;-999;eor
       5792;20190209;    3;  26.1;  10.7;    3;   1.7;   7;    1.333; 420;   7.8;   2.3;  703.91;   -7.8;   67.46;   -5.4;   -9.7;-999;eor
       5792;20190210;    3;  37.3;  14.2;    3;  12.5;   7;    2.433; 420;   7.5;   2.2;  697.93;   -8.1;   66.67;   -5.5;  -14.0;-999;eor
       5792;20190211;    3;  19.5;   7.3;    3;  29.4;   7;    0.000; 430;   7.9;   1.7;  699.13;  -15.6;   91.88;  -13.8;  -16.6;-999;eor
       5792;20190212;    3;  16.6;   6.5;    3;   5.4;   7;    0.500; 460;   5.6;   1.6;  709.62;  -15.2;   87.04;  -11.1;  -17.0;-999;eor
       5792;20190213;    3;  10.2;   3.2;    3;   0.0;   7;    9.000; 460;   4.7;   2.4;  717.27;   -8.0;   72.79;   -3.8;  -11.7;-999;eor
       5792;20190214;    3;  10.2;   4.4;    3;   0.0;   0;    9.617; 450;   2.4;   1.2;  720.21;   -4.5;   28.67;   -3.0;   -6.2;-999;eor
       5792;20190215;    3;  11.9;   4.9;    3;   0.0;   0;   10.117; 430;   1.5;   1.2;  719.62;   -2.4;   22.96;   -0.6;   -4.0;-999;eor
       5792;20190216;    3;   8.5;   3.4;    3;   0.0;   0;   10.150; 420;   2.5;   0.5;  718.27;   -0.1;    8.54;    4.9;   -2.3;-999;eor
       5792;20190217;    3;  10.6;   4.8;    3;   0.0;   0;   10.417; 410;   1.3;   0.4;  716.08;   -0.2;    7.00;    1.1;   -1.8;-999;eor
       5792;20190218;    3;  11.2;   6.1;    3;   0.0;   0;   10.433; 405;   0.0;   1.0;  712.08;   -1.2;   18.21;    0.9;   -3.9;-999;eor
       5792;20190219;    3;  12.9;   5.1;    3;   0.1;   7;    9.550; 400;   4.7;   2.1;  708.94;   -7.1;   60.46;   -3.3;   -9.8;-999;eor
       5792;20190220;    3;  15.0;   6.4;    3;   0.0;   4;    4.400; 400;   7.8;   2.7;  709.95;   -8.9;   87.46;   -8.0;  -10.0;-999;eor
       5792;20190221;    3;  14.8;   6.9;    3;   2.5;   7;    7.267; 400;   5.9;   2.7;  713.58;   -8.3;   82.04;   -6.3;  -10.1;-999;eor
       5792;20190222;    3;  15.2;   5.2;    3;  16.8;   7;    0.000; 395;   7.2;   2.9;  715.22;   -8.2;   87.79;   -6.9;  -11.4;-999;eor
       5792;20190223;    3;  21.3;   6.7;    3;   0.0;   0;   10.300; 405;   1.8;   0.9;  716.91;   -8.2;   26.58;   -5.3;  -10.2;-999;eor
       5792;20190224;    3;  18.4;   5.4;    3;   0.0;   0;    7.333; 400;   4.2;   2.6;  719.29;   -4.6;   62.21;   -2.1;   -6.8;-999;eor
       5792;20190225;    3;  14.5;   5.2;    3;   0.0;   4;   10.883; 385;   2.7;   1.9;  721.04;   -3.0;   40.17;   -1.0;   -5.9;-999;eor
       5792;20190226;    3;   9.4;   3.5;    3;   0.0;   4;    9.133; 380;   5.8;   1.3;  720.23;   -2.9;   26.33;   -0.8;   -5.2;-999;eor
       5792;20190227;    3;  10.7;   3.9;    3;   0.0;   0;   10.883; 375;   2.5;   2.6;  716.64;   -1.8;   48.17;    0.8;   -5.5;-999;eor
       5792;20190228;    3;  22.8;   8.1;    3;   2.2;   7;   10.800; 370;   3.2;   2.8;  710.57;   -4.3;   64.58;   -1.9;   -7.7;-999;eor
       5792;20190301;    3;  19.9;   7.3;    3;  14.1;   7;    0.000; 360;   7.9;   2.8;  703.32;   -9.3;   92.71;   -7.7;  -10.6;-999;eor
       5792;20190302;    3;  16.9;   6.7;    3;   0.0;   4;    0.000; 370;   7.6;   2.5;  704.22;  -10.5;   89.33;   -8.9;  -12.0;-999;eor
       5792;20190303;    3;  24.1;   9.9;    3;   0.0;   4;    8.350; 365;   7.8;   2.5;  705.39;   -7.2;   70.96;   -4.8;  -10.7;-999;eor
       5792;20190304;    3;  36.8;  13.1;    3;   6.7;   7;    5.150; 360;   7.0;   2.0;  697.86;   -7.5;   62.04;   -3.0;  -13.4;-999;eor
       5792;20190305;    3;  26.7;   9.7;    3;   3.1;   7;    3.433; 365;   6.6;   2.1;  698.97;  -12.3;   87.58;  -10.4;  -13.7;-999;eor
       5792;20190306;    3;  34.1;  11.9;    3;   0.0;   4;    7.017; 365;   7.1;   2.3;  701.50;   -6.0;   59.38;   -2.4;  -10.4;-999;eor
       5792;20190307;    3;  40.1;  12.8;    3;   6.3;   7;    1.950; 360;   7.4;   3.0;  697.93;   -6.9;   83.17;   -2.6;   -9.1;-999;eor
       5792;20190308;    3;  21.2;   8.8;    3;   3.6;   7;    3.067; 365;   7.0;   2.6;  703.46;  -10.0;   89.17;   -8.6;  -11.4;-999;eor
       5792;20190309;    3;  28.6;  12.2;    3;   5.2;   7;    2.417; 365;   7.2;   2.8;  706.54;   -8.5;   86.63;   -5.6;  -11.5;-999;eor
       5792;20190310;    3;  39.7;  14.5;    3;  12.2;   7;    0.183; 365;   6.5;   3.4;  703.76;   -6.6;   89.63;   -4.3;  -11.2;-999;eor
       5792;20190311;    3;  29.2;   8.1;    3;  34.8;   7;    0.033; 370;   7.8;   1.8;  701.74;  -15.8;   96.88;  -11.2;  -18.5;-999;eor
       5792;20190312;    3;  29.1;   8.1;    3;   3.4;   7;    8.017; 410;   6.0;   1.6;  704.22;  -13.2;   73.50;   -6.9;  -17.6;-999;eor
       5792;20190313;    3;  23.9;   9.7;    3;  14.7;   7;    1.667; 410;   7.5;   2.1;  698.71;  -12.6;   88.46;   -6.8;  -14.9;-999;eor
       5792;20190314;    1;  32.2;  12.7;    1;  37.7;   7;    0.050; 420;   7.8;   2.3;  696.63;  -12.2;   96.50;   -9.1;  -13.9;-999;eor
       5792;20190315;    1;  30.7;  11.5;    1;  29.1;   7;    0.000; 450;   7.9;   3.2;  700.25;   -8.0;   92.96;   -5.0;  -12.1;-999;eor
       5792;20190316;    1;  28.7;  13.4;    1;   0.0;   4;    9.283; 470;   6.1;   2.7;  705.60;   -5.7;   70.25;   -1.2;   -7.6;-999;eor
       5792;20190317;    1;  24.2;   9.7;    1;  11.4;   7;    8.550; 465;   7.0;   1.9;  702.38;   -4.0;   47.83;    0.0;  -13.8;-999;eor
       5792;20190318;    1;  15.0;   4.9;    1;   7.5;   7;    0.683; 470;   7.7;   1.7;  701.56;  -14.9;   87.46;  -13.7;  -15.9;-999;eor
       5792;20190319;    1;   6.3;   1.6;    1;   0.5;   7;    2.200; 470;   6.4;   1.7;  706.54;  -14.7;   85.04;  -11.6;  -17.2;-999;eor
       5792;20190320;    1;  13.2;   5.0;    1;   0.0;   4;   12.217; 460;   0.0;   0.6;  712.38;  -11.3;   23.50;   -6.0;  -17.3;-999;eor
       5792;20190321;    1;  14.2;   7.4;    1;   0.0;   0;   12.300; 450;   2.2;   0.7;  716.94;   -2.3;   12.75;   -0.1;   -6.2;-999;eor
       5792;20190322;    1;   9.6;   4.9;    1;   0.0;   0;   12.033; 440;   3.1;   1.4;  718.35;    0.2;   21.67;    3.5;   -1.6;-999;eor
       5792;20190323;    1;   6.6;   2.2;    1;   0.0;   0;   12.383; 440;   0.2;   1.5;  717.05;    0.5;   23.67;    3.8;   -1.5;-999;eor
       5792;20190324;    1;  18.4;   7.0;    1;   0.0;   4;   12.300; 435;   2.1;   2.7;  712.88;   -3.1;   57.17;   -0.8;   -7.6;-999;eor
       5792;20190325;    1;  16.6;   6.4;    1;  26.3;   7;    0.000; 430;   7.8;   2.6;  704.95;  -10.8;   93.46;   -6.7;  -16.0;-999;eor
       5792;20190326;    1;  11.9;   3.8;    1;   1.9;   7;   11.100; 465;   4.6;   1.2;  707.28;  -14.4;   59.46;  -11.7;  -17.1;-999;eor
       5792;20190327;    1;  11.1;   3.4;    1;   0.8;   7;    2.617; 450;   6.5;   2.2;  710.65;  -11.5;   87.50;   -8.9;  -13.8;-999;eor
       5792;20190328;    1;  15.3;   6.5;    1;   0.0;   0;   12.633; 450;   0.0;   1.6;  713.64;   -8.3;   49.71;   -6.5;  -11.4;-999;eor
       5792;20190329;    1;  11.4;   6.5;    1;   0.0;   0;   12.683; 445;   0.1;   1.3;  715.29;   -4.4;   29.88;   -2.2;   -7.3;-999;eor
       5792;20190330;    1;   7.7;   4.0;    1;   0.0;   0;   12.267; 440;   2.0;   1.0;  713.80;   -1.6;   18.79;    1.2;   -3.6;-999;eor
       5792;20190331;    1;   7.5;   3.0;    1;   0.0;   0;   12.650; 435;   0.5;   2.7;  710.02;   -3.8;   58.63;   -1.6;   -5.7;-999;eor
       5792;20190401;    1;  13.2;   5.1;    1;   0.0;   0;   12.383; 430;   1.3;   2.6;  708.11;   -3.6;   55.63;   -0.2;   -5.3;-999;eor
       5792;20190402;    1;  17.0;   6.9;    1;   0.0;   7;   10.583; 425;   5.7;   2.8;  704.90;   -4.5;   64.17;   -2.2;   -6.0;-999;eor
       5792;20190403;    1;  23.1;   8.4;    1;   0.0;   7;    7.200; 425;   5.9;   3.3;  697.04;   -6.4;   87.13;   -4.3;   -7.6;-999;eor
       5792;20190404;    1;  32.9;  12.9;    1;   7.0;   7;    5.550; 420;   5.8;   3.2;  691.06;   -6.8;   87.21;   -4.5;   -9.4;-999;eor
       5792;20190405;    1;  15.0;   6.2;    1;   0.0;   0;   10.283; 430;   3.6;   3.4;  695.13;   -5.3;   83.46;    0.2;   -9.5;-999;eor
       5792;20190406;    1;  11.4;   4.6;    1;   0.0;   0;   12.517; 425;   3.4;   3.3;  697.74;   -3.6;   70.63;   -1.0;   -5.8;-999;eor
       5792;20190407;    1;   7.0;   3.0;    1;   9.7;   7;    6.400; 420;   6.4;   3.3;  697.92;   -5.2;   81.25;   -2.7;   -7.2;-999;eor
       5792;20190408;    1;   9.3;   3.6;    1;   2.7;   7;    1.417; 435;   7.9;   3.6;  700.58;   -6.0;   92.83;   -2.9;   -7.4;-999;eor
       5792;20190409;    1;  10.1;   5.1;    1;   8.9;   7;    7.167; 430;   6.9;   3.8;  700.74;   -5.2;   90.29;   -2.9;   -6.9;-999;eor
       5792;20190410;    1;   9.5;   2.5;    1;  10.1;   7;    0.833; 435;   7.9;   3.9;  700.27;   -4.9;   91.92;   -2.5;   -6.2;-999;eor
       5792;20190411;    1;   8.7;   3.1;    1;   1.6;   7;    0.000; 430;   8.0;   3.2;  702.51;   -7.5;   91.46;   -6.0;  -10.7;-999;eor
       5792;20190412;    1;   9.6;   2.5;    1;   0.0;   7;    8.833; 430;   6.3;   2.1;  702.93;   -8.0;   66.38;   -2.7;  -11.8;-999;eor
