STATIONS_ID;MESS_DATUM;QN_3;  FX;  FM;QN_4; RSK;RSKF; SDK;SHK_TAG;  NM; VPM;  PM; TMK; UPM; TXK; TNK; TGK;eor
       1550;20171010;   10;   5.6;   1.0;    3;   0.0;   6;    2.300;   0;   7.5;   9.4;  937.40;    9.3;   82.50;   15.7;    4.6;    3.0;eor
       1550;20171011;   10;-999;-999;    3;   0.0;   0;    9.533;   0;   2.6;   9.1;  938.41;    9.2;   81.04;   18.5;    2.9;    1.4;eor
       1550;20171012;   10;-999;-999;    3;   0.0;   0;    9.483;   0;   1.9;   9.0;  941.30;   10.6;   75.92;   22.2;    3.1;    1.1;eor
       1550;20171013;   10;-999;-999;    3;   0.0;   0;    9.483;   0;   3.8;  10.3;  944.63;   10.7;   82.04;   19.5;    4.8;    2.9;eor
       1550;20171014;   10;-999;-999;    3;   0.0;   0;    9.617;   0;   0.3;   9.9;  944.99;   11.2;   78.67;   21.4;    3.9;    1.9;eor
       1550;20171015;   10;-999;-999;    3;   0.0;   0;    9.550;   0;   0.0;  10.3;  944.39;   12.1;   77.79;   23.0;    4.5;    2.3;eor
       1550;20171016;   10;-999;-999;    3;   0.0;   0;    9.383;   0;   0.0;   9.5;  944.23;   12.1;   73.46;   24.1;    5.1;    2.6;eor
       1550;20171017;   10;-999;-999;    3;   0.0;   0;    8.767;   0;   4.1;   9.1;  940.16;   11.5;   73.21;   23.0;    3.9;    1.5;eor
       1550;20171018;   10;   8.3;-999;    3;   0.0;   0;    9.067;   0;   2.9;   8.6;  934.08;   11.0;   71.50;   21.6;    3.7;    1.4;eor
       1550;20171019;   10;   7.2;   1.3;    3;   0.0;   0;    9.000;   0;   1.0;   8.3;  932.77;   10.5;   72.17;   22.3;    2.7;    0.3;eor
       1550;20171020;   10;   5.1;   0.8;    3;   0.0;   6;    8.833;   0;   5.0;   8.5;  933.85;   11.3;   68.83;   22.2;    4.2;    2.0;eor
       1550;20171021;   10;  12.0;   0.7;    3;   6.8;   6;    4.383;   0;   7.3;  10.3;  934.77;   12.3;   74.54;   20.6;    6.4;    4.9;eor
       1550;20171022;   10;   9.7;   1.4;    3;   5.2;   6;    0.000;   0;   7.0;   9.1;  934.96;    7.5;   87.58;   10.0;    4.9;    4.8;eor
       1550;20171023;   10;   4.5;   1.0;    3;   4.6;   6;    0.000;   0;   6.2;   8.2;  937.80;    5.3;   91.58;    7.1;    4.3;    4.0;eor
       1550;20171024;   10;   3.4;   0.5;    3;   0.0;   6;    5.367;   0;   6.8;   8.2;  942.90;    7.3;   82.54;   15.4;    2.9;    1.1;eor
       1550;20171025;   10;   2.7;   0.8;    3;   0.0;   0;    6.267;   0;   6.8;   8.9;  942.31;    8.6;   82.17;   19.6;    2.5;    0.6;eor
       1550;20171026;   10;   5.0;   1.2;    3;   0.0;   6;    8.200;   0;   5.5;   8.8;  942.23;    9.4;   78.67;   20.4;    3.3;    1.2;eor
       1550;20171027;   10;  15.5;   1.4;    3;  17.1;   6;    0.000;   0;   7.1;   9.3;  940.53;    6.8;   93.00;   13.3;    4.4;    2.3;eor
       1550;20171028;   10;  11.9;   1.3;    3;   0.9;   6;    4.500;   0;   7.0;   5.8;  938.91;    7.7;   61.04;   12.5;    1.3;    0.1;eor
       1550;20171029;   10;  15.0;   3.2;    3;  10.5;   6;    0.000;   0;   7.4;   8.6;  929.77;    9.3;   74.67;   14.8;    3.8;    3.5;eor
       1550;20171030;   10;   6.5;   1.1;    3;   0.0;   0;    1.250;   0;   5.7;   6.3;  939.48;    3.2;   82.50;    7.3;   -0.8;   -2.6;eor
       1550;20171031;   10;   6.4;   1.0;    3;   0.0;   0;    7.767;   0;   2.2;   5.5;  941.86;    1.6;   81.67;    8.5;   -2.8;   -4.9;eor
       1550;20171101;   10;   2.7;   0.9;    3;   0.0;   6;    0.100;   0;   7.3;   7.0;  939.78;    4.1;   85.42;   10.5;   -1.6;   -3.6;eor
       1550;20171102;   10;   3.1;   0.8;    3;   0.6;   6;    0.050;   0;   8.0;   8.3;  934.14;    6.3;   87.38;   12.3;    1.3;   -0.7;eor
       1550;20171103;   10;   5.3;   1.2;    3;   0.3;   6;    4.050;   0;   3.6;   9.1;  933.41;    7.2;   89.38;   13.2;    0.9;   -1.4;eor
       1550;20171104;   10;   2.9;   1.1;    3;   0.0;   0;    4.800;   0;   7.8;   7.3;  930.67;    5.7;   82.46;   16.4;    0.4;   -2.1;eor
       1550;20171105;   10;   6.6;   1.5;    3;  28.2;   8;    0.283;   0;   7.3;   7.9;  926.98;    5.7;   86.88;   13.0;    1.0;    0.2;eor
       1550;20171106;   10;   5.1;   1.6;    3;   2.7;   8;    0.000;   0;  -999;   6.6;  934.53;    1.7;   94.71;    3.0;    0.5;    0.0;eor
       1550;20171107;   10;   5.8;   1.4;    3;   1.5;   6;    0.283;   0;   6.7;   7.1;  931.92;    3.6;   89.33;    6.3;    2.3;    2.1;eor
       1550;20171108;   10;   5.3;   1.2;    3;   0.1;   6;    1.700;   0;   7.9;   7.2;  932.60;    4.1;   88.13;    7.7;    2.2;    1.9;eor
       1550;20171109;   10;   3.7;   1.0;    3;   0.0;   6;    0.000;   0;   8.0;   7.4;  937.85;    4.3;   88.88;    5.7;    3.3;    3.1;eor
       1550;20171110;   10;   3.1;   0.9;    3;   2.5;   6;    0.017;   0;   7.7;   7.2;  936.36;    4.8;   84.04;    6.7;    3.4;    2.8;eor
       1550;20171111;   10;   5.9;   1.0;    3;  19.2;   6;    0.000;   0;   7.1;   8.4;  930.26;    5.3;   93.46;    6.9;    3.4;    3.3;eor
       1550;20171112;   10;  14.5;   1.1;    3;  13.5;   8;    0.200;   0;   6.7;   8.7;  920.95;    5.8;   93.38;   10.1;    0.6;    0.0;eor
       1550;20171113;   10;   8.4;   1.2;    3;   4.6;   8;    0.000;   2;  -999;   5.9;  929.27;    0.3;   94.42;    1.4;   -1.2;   -2.6;eor
       1550;20171114;   10;   3.4;   1.0;    3;   0.0;   0;    6.633;   2;   5.6;   5.3;  939.65;   -0.5;   89.92;    3.6;   -4.5;   -6.8;eor
       1550;20171115;   10;   4.7;   1.0;    3;   0.0;   0;    6.883;   0;   0.1;   4.2;  940.43;   -3.2;   87.83;    3.3;   -6.5;   -9.3;eor
       1550;20171116;   10;   5.0;   1.4;    3;   0.0;   8;    4.600;   0;  -999;   4.7;  938.21;   -1.9;   87.96;    2.2;   -5.9;   -8.2;eor
       1550;20171117;   10;   3.1;   0.8;    3;   0.0;   6;    0.650;   0;   7.7;   5.7;  939.83;    0.6;   89.04;    3.5;   -2.1;   -3.8;eor
       1550;20171118;   10;   3.3;   0.9;    3;   0.6;   8;    0.017;-999;  -999;   6.2;  936.90;    1.7;   90.25;    4.4;    0.1;   -1.0;eor
       1550;20171119;   10;   6.6;   1.4;    3;   2.6;   8;    0.000;   0;   6.6;   6.0;  934.11;    1.2;   89.21;    3.2;   -0.5;   -2.2;eor
       1550;20171120;   10;   4.6;   1.0;    3;   1.6;   6;    0.000;   0;   7.1;   5.5;  936.65;    1.2;   83.50;    4.2;   -2.6;   -5.4;eor
       1550;20171121;   10;  10.7;   1.5;    3;   0.7;   6;    0.233;   0;   7.0;   7.6;  933.65;    4.9;   87.79;    9.5;   -0.1;   -2.8;eor
       1550;20171122;   10;   3.0;   1.0;    3;   0.0;   0;    5.050;   0;   3.4;   6.0;  931.82;    1.9;   87.96;   13.0;   -1.8;   -4.8;eor
       1550;20171123;   10;   4.0;   1.1;    3;   0.0;   0;    5.050;   0;   6.3;   5.9;  931.77;    2.3;   83.71;   13.6;   -2.1;   -5.5;eor
       1550;20171124;   10;   3.8;   1.2;    3;   0.0;   0;    3.733;   0;   6.2;   6.5;  933.03;    3.4;   83.50;   11.3;   -1.6;   -4.6;eor
       1550;20171125;   10;  11.0;   1.6;    3;   5.9;   8;    1.200;   0;   7.5;   6.9;  928.43;    3.9;   85.54;   12.6;    0.1;   -2.3;eor
       1550;20171126;   10;   8.2;   1.4;    3;   0.7;   7;    0.350;   6;   7.5;   5.4;  938.69;   -0.2;   89.00;    2.5;   -2.3;   -5.3;eor
       1550;20171127;   10;   3.1;   0.8;    3;   0.0;   7;    1.883;   2;   7.3;   4.9;  938.99;   -1.0;   87.17;    4.2;   -3.3;   -6.9;eor
       1550;20171128;   10;   2.7;   0.9;    3;   0.0;   7;    0.083;   0;   7.9;   5.4;  926.76;   -0.3;   90.63;    3.2;   -3.0;   -5.7;eor
       1550;20171129;   10;   5.5;   0.8;    3;  11.8;   8;    0.000;   0;   7.2;   5.9;  921.82;    0.2;   95.00;    2.9;   -0.9;   -1.9;eor
       1550;20171130;   10;   7.3;   1.1;    3;   0.0;   7;    0.733;  12;   7.5;   4.9;  921.92;   -1.8;   90.92;    1.2;   -6.1;  -13.0;eor
       1550;20171201;   10;   3.8;   1.0;    3;   0.0;   8;    1.517;   8;   6.8;   4.1;  927.36;   -4.0;   89.54;   -0.7;   -8.4;  -15.9;eor
       1550;20171202;   10;   5.6;   1.2;    3;   0.2;   8;    4.517;   6;   5.3;   3.7;  935.92;   -4.8;   86.71;   -0.3;   -8.0;  -14.7;eor
       1550;20171203;   10;   3.9;   1.0;    3;   0.3;   8;    3.617;   6;   6.3;   3.6;  939.24;   -4.9;   85.42;   -0.7;   -7.5;  -12.0;eor
       1550;20171204;   10;   3.7;   0.9;    3;   5.1;   8;    0.000;   7;   6.9;   5.4;  943.83;   -0.6;   92.08;    1.6;   -3.7;   -4.1;eor
       1550;20171205;   10;   2.9;   0.9;    3;   0.0;   0;    0.550;   6;   7.4;   5.8;  949.80;    0.0;   94.96;    2.3;   -2.4;   -6.3;eor
       1550;20171206;   10;   4.0;   1.3;    3;   0.0;   6;    4.417;   5;  -999;   4.3;  947.69;   -3.5;   90.17;    1.0;   -7.0;  -11.1;eor
       1550;20171207;   10;   3.7;   1.3;    3;   0.0;   0;    4.383;   5;   1.6;   4.0;  938.94;   -4.6;   90.92;    2.7;   -7.3;  -12.0;eor
       1550;20171208;   10;   6.0;   1.3;    3;   9.7;   8;    0.000;   6;   7.2;   5.4;  928.25;   -0.7;   91.79;    2.5;   -4.0;   -9.3;eor
       1550;20171209;   10;   8.1;   1.4;    3;   0.1;   8;    1.300;  16;   5.4;   3.6;  930.55;   -4.7;   84.17;   -1.1;  -10.9;  -17.9;eor
       1550;20171210;   10;  14.5;   1.6;    3;   0.2;   8;    0.000;  13;   7.4;   4.2;  916.55;   -4.1;   87.08;    3.4;  -11.6;  -17.7;eor
       1550;20171211;   10;   7.0;   1.6;    3;  14.5;   8;    0.033;  10;   7.4;   6.3;  905.62;    1.8;   89.96;    5.0;   -1.0;   -4.0;eor
       1550;20171212;   10;   5.2;   1.0;    3;   4.1;   8;    0.000;  10;   5.6;   6.0;  924.70;    0.4;   95.08;    1.4;   -2.1;   -6.8;eor
       1550;20171213;   10;   4.9;   1.1;    3;   0.0;   8;    4.150;  12;   4.7;   4.4;  929.12;   -3.1;   91.46;    0.9;   -5.6;  -11.5;eor
       1550;20171214;   10;   9.2;   1.5;    3;  10.6;   8;    0.000;  11;   7.5;   5.9;  918.19;    0.7;   92.42;    3.5;   -0.8;   -3.2;eor
       1550;20171215;   10;   3.4;   1.1;    3;   0.0;   7;    1.100;  12;   5.8;   5.7;  916.43;   -0.5;   95.63;    2.7;   -4.3;   -8.8;eor
       1550;20171216;   10;   4.6;   0.8;    3;   6.3;   7;    0.067;  12;   7.8;   5.1;  925.45;   -1.2;   92.13;    1.7;   -4.0;   -6.6;eor
       1550;20171217;   10;   5.2;   0.8;    3;   8.2;   7;    0.000;  24;   7.8;   5.0;  937.07;   -1.7;   93.42;   -0.2;   -4.6;   -7.3;eor
       1550;20171218;   10;   2.2;   0.6;    3;   0.0;   8;    0.000;  30;   7.9;   4.0;  938.95;   -4.7;   90.54;   -1.5;   -9.3;  -14.5;eor
       1550;20171219;   10;   2.9;   0.8;    3;   0.7;   8;    0.467;  25;   7.8;   5.0;  945.75;   -1.6;   91.13;    1.9;   -3.6;   -5.4;eor
       1550;20171220;   10;   3.2;   0.8;    3;   0.1;   7;    1.667;  23;   5.1;   4.8;  947.81;   -2.2;   91.21;    3.3;   -8.6;  -17.1;eor
       1550;20171221;   10;   3.0;   0.9;    3;   7.7;   8;    2.317;  21;   7.7;   5.4;  949.78;   -0.8;   91.75;    5.4;   -8.6;  -15.5;eor
       1550;20171222;   10;   2.4;   0.8;    3;   5.7;   6;    0.000;  17;   7.7;   6.7;  948.78;    1.8;   96.83;    4.6;    0.4;   -0.2;eor
       1550;20171223;   10;   3.2;   1.0;    3;   0.0;   6;    2.083;  14;   5.6;   6.1;  949.18;    0.4;   95.88;    6.2;   -3.5;   -8.4;eor
       1550;20171224;   10;   2.9;   1.2;    3;   0.0;   0;    4.000;  13;   0.3;   4.5;  944.46;   -3.0;   92.79;    3.7;   -5.1;  -10.1;eor
       1550;20171225;   10;   3.1;   1.3;    3;   0.0;   0;    4.000;-999;   0.4;   4.2;  936.77;   -3.7;   90.92;    3.5;   -5.9;  -10.9;eor
       1550;20171226;   10;  10.7;   1.4;    3;   0.0;   0;    3.667;-999;   4.6;   4.5;  926.03;   -2.5;   87.88;    7.4;   -6.1;  -11.4;eor
       1550;20171227;   10;   7.0;   1.6;    3;   4.4;   8;    2.900;-999;   7.7;   5.2;  908.19;    0.2;   84.33;    8.4;   -5.4;  -10.2;eor
       1550;20171228;   10;   6.8;   1.5;    3;   3.3;   8;    0.000;  16;   7.3;   5.3;  915.58;   -0.6;   90.71;    0.9;   -2.9;   -4.4;eor
       1550;20171229;   10;   4.0;   1.2;    3;   1.6;   7;    4.117;  23;   5.0;   3.7;  926.46;   -5.0;   87.92;   -0.6;   -8.5;  -17.3;eor
       1550;20171230;   10;   4.2;   1.0;    3;   9.7;   8;    0.000;  22;   7.6;   5.9;  927.05;   -0.1;   96.00;    2.6;   -4.0;   -8.3;eor
       1550;20171231;   10;   3.9;   1.2;    3;   1.1;   8;    4.167;  19;   5.3;   5.9;  929.72;    0.1;   95.29;    6.5;   -2.9;   -8.9;eor
       1550;20180101;   10;   4.0;   1.1;    3;   2.1;   8;    0.067;  19;   5.5;   5.6;  925.96;   -0.6;   95.25;    4.4;   -3.8;  -10.0;eor
       1550;20180102;   10;  10.1;   1.6;    3;   4.6;   8;    0.717;  20;   7.0;   5.6;  930.25;    0.8;   86.83;    4.6;   -1.8;   -7.9;eor
       1550;20180103;   10;  20.1;   2.0;    3;  13.3;   8;    0.000;  21;   7.4;   6.4;  922.28;    2.2;   88.83;    5.9;    0.0;   -1.2;eor
       1550;20180104;   10;   5.2;   0.9;    3;  49.8;   8;    0.000;  19;   7.3;   6.8;  921.36;    1.8;   97.79;    5.4;    0.6;    0.0;eor
       1550;20180105;   10;   4.4;   1.1;    3;   0.0;   0;    3.250;  17;   5.8;   7.3;  921.57;    3.1;   95.58;    8.5;   -1.1;   -5.7;eor
       1550;20180106;   10;   4.1;   1.4;    3;   0.0;   0;    4.417;  16;   3.4;   5.7;  924.68;   -0.1;   93.96;    7.0;   -2.3;   -6.6;eor
       1550;20180107;   10;   3.8;   1.4;    3;   0.0;   0;    0.000;  16;   8.0;   6.1;  932.33;    0.6;   95.46;    4.4;   -0.9;   -3.8;eor
       1550;20180108;   10;   4.3;   1.3;    3;   0.0;   0;    1.983;  16;   6.7;   6.0;  935.12;    0.8;   93.17;    4.8;   -1.1;   -4.3;eor
       1550;20180109;   10;  14.1;   1.9;    3;   0.9;   6;    3.767;  16;   5.3;   6.2;  929.84;    3.0;   83.50;   12.7;   -1.8;   -5.0;eor
       1550;20180110;   10;   3.1;   1.1;    3;   0.0;   0;    4.517;  14;   5.8;   5.1;  929.05;   -0.5;   87.29;    7.7;   -3.7;   -7.6;eor
       1550;20180111;   10;   2.7;   0.8;    3;   3.5;   8;    0.000;  15;   7.8;   5.7;  930.90;   -0.1;   93.71;    3.3;   -3.9;   -7.3;eor
       1550;20180112;   10;   5.0;   1.2;    3;   0.0;   0;    0.333;  15;   7.8;   6.3;  937.86;    1.4;   93.58;    3.8;    0.3;   -0.7;eor
       1550;20180113;   10;   4.4;   1.1;    3;   0.0;   0;    3.633;  14;   3.4;   5.0;  937.35;   -1.0;   88.13;    3.3;   -5.8;  -10.9;eor
       1550;20180114;   10;   3.8;   1.0;    3;   0.0;   0;    0.033;  14;   5.9;   4.1;  935.49;   -3.2;   85.79;    0.1;   -7.3;  -12.3;eor
       1550;20180115;   10;   5.1;   1.2;    3;   0.0;   6;    4.717;  14;   3.6;   4.2;  931.88;   -2.2;   80.58;    4.2;   -7.2;  -11.5;eor
       1550;20180116;   10;   9.0;   1.7;    3;  32.3;   8;    0.117;  15;   7.7;   6.1;  918.85;    2.8;   82.58;    6.1;    0.3;   -0.2;eor
       1550;20180117;   10;  12.5;   2.3;    3;   5.6;   8;    0.000;  21;   7.6;   5.2;  921.72;    0.1;   84.29;    1.3;   -1.2;   -2.3;eor
       1550;20180118;   10;  11.2;   2.1;    3;  20.0;   8;    0.450;  26;   7.4;   6.0;  924.24;    2.9;   80.17;    9.9;   -0.7;   -2.3;eor
       1550;20180119;   10;   5.8;   1.4;    3;   6.1;   8;    0.000;  21;   7.4;   6.1;  926.63;    0.7;   94.96;    2.9;    0.0;   -1.6;eor
       1550;20180120;   10;   4.8;   1.1;    3;  25.1;   8;    1.133;  26;   7.5;   5.5;  923.96;   -0.1;   91.33;    4.8;   -4.2;   -9.2;eor
       1550;20180121;   10;   8.9;   1.3;    3;  26.1;   8;    0.000;  36;   7.6;   5.5;  927.51;   -0.4;   92.25;    1.2;   -3.4;   -6.6;eor
       1550;20180122;   10;   5.9;   1.0;    3;  30.2;   6;    0.000;  48;   7.7;   6.2;  928.58;    0.5;   96.67;    3.4;   -2.2;   -2.4;eor
       1550;20180123;   10;   5.3;   1.0;    3;   0.8;   6;    2.283;  42;   5.9;   6.4;  940.75;    1.5;   93.58;    6.4;   -2.5;   -6.4;eor
       1550;20180124;   10;   3.0;   0.9;    3;   0.0;   0;    6.083;  39;   7.1;   5.8;  940.57;    1.0;   88.92;    8.8;   -3.1;   -7.5;eor
       1550;20180125;   10;   3.2;   1.0;    3;   0.0;   0;    4.283;  37;   7.9;   5.6;  934.56;    1.2;   86.08;   10.1;   -2.5;   -6.4;eor
       1550;20180126;   10;   5.5;   1.1;    3;   0.0;   0;    2.683;  36;   7.3;   5.5;  933.37;    1.0;   85.79;   11.3;   -2.5;   -6.6;eor
       1550;20180127;   10;   7.7;   1.2;    3;   0.0;   0;    6.767;  35;   5.6;   5.9;  944.53;    1.9;   84.54;    9.0;   -2.2;   -5.4;eor
       1550;20180128;   10;   3.1;   1.0;    3;   0.0;   0;    0.017;  34;   6.8;   5.7;  949.78;    0.8;   88.46;    7.7;   -3.2;   -7.2;eor
       1550;20180129;   10;   3.8;   1.0;    3;   0.0;   0;    7.100;  33;   1.3;   5.5;  945.99;    1.4;   83.96;   11.8;   -3.0;   -7.9;eor
       1550;20180130;   10;   7.2;   1.2;    3;   0.0;   0;    4.683;  32;   6.3;   6.0;  943.78;    1.6;   87.42;    8.8;   -3.4;   -7.3;eor
       1550;20180131;   10;   3.8;   1.2;    3;   0.0;   0;    5.083;  31;   5.3;   5.5;  931.72;    2.1;   79.96;   10.1;   -2.7;   -6.4;eor
       1550;20180201;   10;   4.5;   0.9;    3;   5.2;   8;    0.000;  31;   7.5;   5.7;  921.15;    0.1;   92.58;    2.5;   -1.2;   -3.5;eor
       1550;20180202;   10;   4.6;   1.0;    3;   0.0;   7;    2.983;  33;   7.9;   5.0;  923.63;   -1.2;   89.46;    3.9;   -5.0;  -10.1;eor
       1550;20180203;   10;   3.3;   0.9;    3;   0.3;   8;    0.450;  33;   7.9;   4.6;  922.66;   -1.8;   86.58;    0.8;   -3.6;   -5.9;eor
       1550;20180204;   10;   5.9;   1.1;    3;   0.0;   7;    0.267;  34;   7.8;   4.5;  929.25;   -1.7;   84.71;    1.9;   -5.8;  -12.0;eor
       1550;20180205;   10;   5.1;   1.4;    3;   0.0;   0;    4.033;  33;   6.4;   3.9;  933.81;   -3.8;   84.63;    1.4;   -8.4;  -13.6;eor
       1550;20180206;   10;   5.6;   1.3;    3;   0.0;   0;    6.583;  33;   7.0;   4.0;  926.83;   -2.4;   81.13;    7.3;   -8.3;  -13.0;eor
       1550;20180207;   10;   6.2;   1.6;    3;   0.4;   8;    0.000;  32;   7.8;   4.6;  925.49;   -2.2;   89.46;    0.5;   -5.4;   -9.8;eor
       1550;20180208;   10;   4.3;   1.5;    3;   0.1;   8;    0.217;  33;   7.8;   4.7;  931.70;   -1.3;   84.50;    1.2;   -2.7;   -3.2;eor
       1550;20180209;   10;   7.0;   1.5;    3;   0.0;   8;    7.200;  33;   5.5;   4.6;  930.23;   -0.8;   80.71;    3.6;   -4.6;   -9.2;eor
       1550;20180210;   10;   3.4;   1.1;    3;   0.4;   8;    0.017;  33;   7.7;   4.9;  931.29;   -0.5;   83.38;    1.5;   -1.7;   -4.5;eor
       1550;20180211;   10;   4.7;   0.8;    3;   6.6;   8;    1.400;  34;   7.8;   5.0;  925.30;    0.3;   81.21;    5.1;   -4.5;  -11.5;eor
       1550;20180212;   10;   5.9;   1.1;    3;   5.3;   8;    0.417;  35;   7.6;   5.0;  929.28;   -1.2;   89.00;    2.2;   -3.7;   -8.7;eor
       1550;20180213;   10;   3.9;   1.3;    3;   0.0;   0;    3.417;  45;   3.6;   3.3;  929.76;   -6.3;   85.00;    2.0;  -12.5;  -20.1;eor
       1550;20180214;   10;   5.3;   1.1;    3;   0.0;   0;    8.300;  40;   0.0;   2.5;  931.35;   -8.3;   76.83;    1.8;  -15.1;  -23.4;eor
       1550;20180215;   10;   4.4;   0.9;    3;  21.4;   8;    0.000;  39;   6.9;   4.1;  934.33;   -4.4;   87.33;    0.7;  -13.9;  -20.4;eor
       1550;20180216;   10;   6.3;   1.0;    3;   9.5;   8;    0.000;  38;   7.5;   6.5;  939.19;    1.5;   95.96;    3.0;    0.5;    0.2;eor
       1550;20180217;   10;   7.1;   1.6;    3;   4.2;   8;    0.000;  37;   7.8;   6.1;  933.63;    0.6;   95.96;    1.9;   -0.9;   -2.3;eor
       1550;20180218;   10;   5.4;   2.1;    3;   0.1;   8;    0.000;  40;   7.8;   5.1;  938.13;   -0.9;   89.54;    0.2;   -1.6;   -2.4;eor
       1550;20180219;   10;   5.6;   1.7;    3;   0.0;   8;    0.383;  39;   7.9;   4.7;  932.39;   -1.3;   85.25;    0.6;   -2.3;   -2.9;eor
       1550;20180220;   10;   6.6;   2.2;    3;   1.2;   7;    0.000;  37;   7.7;   4.6;  928.87;   -2.3;   88.92;   -1.0;   -3.6;   -4.2;eor
       1550;20180221;   10;   8.7;   3.1;    3;   0.2;   8;    0.700;  41;   7.6;   4.3;  930.89;   -2.5;   85.29;   -0.1;   -3.9;   -4.4;eor
       1550;20180222;   10;   8.7;   3.1;    3;   0.0;   8;    0.000;  39;   7.7;   3.9;  927.95;   -3.6;   83.79;   -2.7;   -4.3;   -4.6;eor
       1550;20180223;   10;   7.3;   2.3;    3;   0.0;   8;    0.000;  38;   8.0;   3.9;  928.22;   -4.0;   85.00;   -2.8;   -4.7;   -4.9;eor
       1550;20180224;   10;   8.6;   2.4;    3;   0.0;   7;    0.000;  38;   7.9;   3.7;  930.70;   -3.6;   78.29;   -2.2;   -5.5;   -5.8;eor
       1550;20180225;   10;   9.5;   3.7;    3;   0.0;   7;    0.000;  37;   7.8;   2.4;  933.09;   -7.9;   69.96;   -5.4;  -11.4;  -14.9;eor
       1550;20180226;   10;  11.9;   3.3;    3;   0.3;   7;    2.917;  37;   6.6;   1.8;  931.41;  -11.8;   73.33;  -10.1;  -14.3;  -19.8;eor
       1550;20180227;   10;   9.4;   2.3;    3;   0.0;   7;    3.800;  38;   7.1;   1.9;  927.54;  -11.3;   72.88;   -8.2;  -14.2;  -17.2;eor
       1550;20180228;   10;   7.0;   1.8;    3;   0.0;   0;    9.333;  38;  -999;   1.8;  927.71;  -11.3;   70.79;   -5.2;  -18.4;  -24.2;eor
       1550;20180301;   10;   5.5;   1.8;    3;   0.0;   0;    1.283;  38;   7.3;   2.4;  918.90;   -8.3;   74.92;   -4.8;  -10.9;  -14.8;eor
       1550;20180302;   10;   9.5;   1.3;    3;   0.0;   7;    5.250;  37;   5.7;   3.0;  911.92;   -6.0;   76.17;   -1.2;  -12.4;  -16.2;eor
       1550;20180303;   10;-999;-999;    3;   0.4;   8;    3.733;  37;   7.8;   4.9;  913.82;    0.7;   77.92;    9.4;   -5.3;   -8.2;eor
       1550;20180304;   10;-999;-999;    3;   0.0;   0;    9.833;  35;   4.2;   5.5;  916.53;    3.6;   74.38;   12.6;   -2.6;   -7.9;eor
       1550;20180305;   10;-999;-999;    3;   0.0;   6;    6.650;  31;   7.8;   5.7;  912.96;    4.3;   71.54;   11.9;    0.0;   -2.1;eor
       1550;20180306;   10;   6.7;   1.2;    3;   0.0;   6;    0.000;  28;   7.7;   6.0;  908.88;    3.1;   79.50;    8.8;   -0.2;   -2.0;eor
       1550;20180307;   10;   5.2;   1.1;    3;   2.1;   8;    0.000;  26;   7.9;   6.2;  916.09;    2.2;   87.33;    5.1;    0.0;   -2.1;eor
       1550;20180308;   10;-999;-999;    3;   0.0;   7;    7.017;  25;   6.8;   5.0;  923.82;    3.6;   68.25;   11.5;   -2.2;   -5.0;eor
       1550;20180309;   10;-999;-999;    3;   0.0;   6;    0.717;  23;   7.9;   4.9;  926.79;    4.3;   63.63;   12.1;   -2.4;   -6.0;eor
       1550;20180310;   10;   8.8;   1.4;    3;   0.1;   6;    0.050;  21;   7.1;   6.7;  925.06;    5.1;   76.58;   10.9;    0.9;   -1.2;eor
       1550;20180311;   10;-999;   2.0;    3;   0.0;   6;    1.600;  18;   7.0;   6.5;  917.54;    5.9;   72.92;   15.3;    0.3;   -2.1;eor
       1550;20180312;   10;  10.3;   1.5;    3;   0.7;   6;    3.200;  16;   7.8;   6.7;  916.10;    6.1;   74.04;   13.6;    1.3;   -1.3;eor
       1550;20180313;   10;-999;-999;    3;   1.0;   6;    4.950;  12;   6.9;   6.0;  923.67;    6.0;   68.71;   12.1;    0.2;   -1.9;eor
       1550;20180314;   10;-999;   1.7;    3;   0.0;   0;    7.600;   8;   4.2;   6.5;  926.97;    4.8;   77.50;   11.0;   -1.5;   -4.4;eor
       1550;20180315;   10;-999;-999;    3;   3.9;   6;    1.850;   4;   6.0;   5.2;  916.78;    4.9;   64.92;   13.7;   -2.7;   -5.9;eor
       1550;20180316;   10;-999;-999;    3;   0.0;   0;    4.033;   0;   6.9;   7.0;  919.18;    5.7;   78.17;   11.6;   -0.1;   -2.1;eor
       1550;20180317;   10;  12.4;   2.9;    3;   3.4;   8;    5.067;   0;   7.1;   6.3;  913.09;    2.7;   86.29;   10.4;   -0.8;   -2.6;eor
       1550;20180318;   10;   7.8;   2.7;    3;   1.8;   7;    0.000;   0;   7.8;   4.7;  916.23;   -1.7;   87.83;   -0.5;   -4.0;   -3.9;eor
       1550;20180319;   10;   5.8;   2.4;    3;   4.6;   8;    0.000;   1;   7.6;   3.8;  921.99;   -4.2;   84.88;   -2.6;   -5.1;   -6.4;eor
       1550;20180320;   10;   6.5;   1.8;    3;   0.9;   8;    0.900;   8;   7.8;   3.6;  929.20;   -4.5;   81.88;   -0.5;   -6.3;  -11.6;eor
       1550;20180321;   10;   8.5;   1.7;    3;   1.4;   7;    0.583;   6;   6.6;   3.8;  938.48;   -3.8;   82.21;    0.0;  -10.3;  -15.8;eor
       1550;20180322;   10;-999;   0.8;    3;   2.1;   7;    7.433;   6;   5.0;   3.4;  933.56;   -2.8;   69.92;    4.2;  -12.4;  -17.6;eor
       1550;20180323;   10;-999;-999;    3;   0.3;   8;    0.617;   8;   7.7;   5.5;  924.32;    0.9;   84.29;    4.3;   -1.7;   -3.7;eor
       1550;20180324;   10;-999;-999;    3;   0.0;   0;   11.267;   0;   2.8;   4.7;  917.82;    2.2;   69.79;   10.5;   -5.4;   -7.4;eor
       1550;20180325;   10;-999;-999;    3;   0.0;   0;    8.883;   0;   6.7;   5.0;  922.39;    4.2;   66.21;   13.7;   -3.8;   -6.2;eor
       1550;20180326;   10;   3.4;   0.9;    3;   2.3;   8;    0.000;   0;   7.5;   6.4;  928.79;    2.7;   86.38;    6.4;    0.0;   -1.0;eor
       1550;20180327;   10;-999;   0.9;    3;   9.3;   8;    4.800;   0;   7.8;   5.6;  930.21;    3.7;   74.08;    9.6;    0.8;    0.1;eor
       1550;20180328;   10;-999;-999;    3;   2.6;   6;    1.917;   0;   7.6;   7.8;  923.89;    6.4;   82.50;   12.8;    0.6;    0.0;eor
       1550;20180329;   10;   6.2;   1.3;    3;   4.9;   8;    0.033;   0;   7.2;   7.4;  924.37;    4.4;   88.79;    7.5;   -0.5;   -2.1;eor
       1550;20180330;   10;-999;-999;    3;   4.2;   8;    4.717;   0;   6.7;   7.0;  919.85;    6.0;   77.17;   14.6;   -0.4;   -1.2;eor
       1550;20180331;   10;   7.2;   1.4;    3;   4.4;   8;    0.283;   0;   7.8;   7.2;  916.78;    3.9;   89.54;    7.3;    1.3;    0.3;eor
       1550;20180401;   10;  12.8;   1.9;    3;   1.7;   8;    2.217;   0;   7.0;   6.2;  925.98;    3.2;   82.50;    8.9;    0.2;   -0.8;eor
       1550;20180402;   10;-999;-999;    3;   0.0;   0;    9.533;   0;   4.7;   5.5;  927.84;    7.0;   60.96;   16.8;   -2.5;   -5.0;eor
       1550;20180403;   10;-999;-999;    3;   0.0;   0;    6.267;   0;   8.0;   6.1;  925.39;   13.3;   41.71;   19.8;    5.7;    2.3;eor
       1550;20180404;   10;-999;-999;    3;   0.7;   6;    9.533;   0;   6.1;   6.7;  924.43;   13.3;   48.29;   20.9;    5.2;    3.3;eor
       1550;20180405;   10;-999;-999;    3;   1.7;   6;    3.000;   0;   6.8;   7.5;  931.30;    8.1;   72.38;   14.4;    3.6;    2.5;eor
       1550;20180406;   10;-999;   1.4;    3;   0.0;   0;   10.583;   0;   5.2;   7.0;  935.57;    7.6;   71.25;   15.6;    1.4;   -0.8;eor
       1550;20180407;   10;-999;-999;    3;   0.0;   0;   12.000;   0;   0.0;   6.3;  930.61;   11.2;   56.25;   22.6;    0.3;   -2.3;eor
       1550;20180408;   10;-999;-999;    3;   0.0;   0;   11.717;   0;   1.5;   6.6;  926.41;   13.2;   50.96;   24.0;    2.3;   -0.4;eor
       1550;20180409;   10;-999;-999;    3;   0.0;   0;    0.350;   0;   7.7;   6.8;  923.23;   11.9;   53.21;   19.4;    4.6;    1.9;eor
       1550;20180410;   10;-999;-999;    3;   0.0;   0;    8.300;   0;   7.3;   6.8;  920.90;   12.5;   52.79;   21.5;    4.6;    2.0;eor
       1550;20180411;   10;-999;-999;    3;   0.0;   0;    8.167;   0;   5.0;   6.5;  922.29;   11.4;   53.46;   18.7;    4.0;    2.1;eor
       1550;20180412;   10;-999;-999;    3;   0.0;   6;    8.417;   0;  -999;   6.2;  918.93;   12.2;   48.25;   19.6;    4.3;    1.7;eor
       1550;20180413;   10;  12.3;   2.4;    3;   0.0;   6;    5.783;   0;  -999;   6.8;  926.26;   11.8;   52.33;   18.5;    4.5;    1.8;eor
       1550;20180414;   10;   8.6;   1.7;    3;   0.0;   0;   11.350;   0;   4.3;   7.0;  935.12;   11.0;   59.75;   20.1;    0.9;   -1.3;eor
       1550;20180415;   10;   6.1;   1.3;    3;   9.1;   6;    1.550;   0;   7.8;   8.5;  929.53;   12.0;   63.92;   20.3;    4.2;    2.2;eor
       1550;20180416;   10;   3.8;   1.1;    3;   2.3;   6;    0.000;   0;   7.8;  11.2;  932.68;   10.3;   89.79;   13.2;    8.4;    8.0;eor
       1550;20180417;   10;   8.1;   1.6;    3;   0.0;   0;    8.133;   0;   4.9;   9.7;  941.59;   13.0;   69.67;   20.2;    5.9;    4.0;eor
       1550;20180418;   10;  10.1;   1.9;    3;   0.0;   0;   12.217;   0;   1.2;   8.4;  946.30;   12.9;   62.54;   22.6;    3.2;    1.5;eor
       1550;20180419;   10;   9.2;   2.0;    3;   0.0;   0;   12.217;   0;   1.1;   8.4;  944.06;   14.6;   57.67;   24.8;    3.3;    1.3;eor
       1550;20180420;   10;   9.2;   1.8;    3;   0.0;   0;   12.233;   0;   3.3;   9.6;  940.45;   15.8;   59.88;   25.3;    4.9;    2.4;eor
       1550;20180421;   10;   8.2;   1.5;    3;   0.0;   0;   11.500;   0;   4.2;   9.8;  937.19;   16.6;   57.54;   26.2;    5.7;    3.4;eor
       1550;20180422;   10;   6.6;   1.5;    3;   0.0;   6;   10.250;   0;   2.3;   9.4;  934.17;   17.0;   55.08;   26.7;    7.3;    5.1;eor
       1550;20180423;   10;  11.2;   1.9;    3;  12.3;   6;    7.267;-999;   7.7;  10.5;  934.51;   16.4;   61.13;   25.5;    8.9;    6.8;eor
       1550;20180424;   10;   9.3;   1.7;    3;   0.0;   0;   12.367;   0;   4.3;  11.2;  935.35;   15.1;   69.83;   22.2;    7.4;    6.2;eor
       1550;20180425;   10;   9.0;   1.4;    3;   3.3;   6;   12.067;   0;   5.2;   9.7;  931.48;   16.2;   60.46;   25.9;    5.6;    4.1;eor
       1550;20180426;   10;  11.5;   1.1;    3;   1.2;   6;    0.000;   0;   7.5;   9.9;  934.92;    8.7;   87.67;   12.8;    3.6;    2.7;eor
       1550;20180427;   10;   8.9;   1.8;    3;   0.0;   0;   11.417;   0;   4.3;   9.6;  929.70;   11.6;   73.08;   21.0;    1.9;    0.9;eor
       1550;20180428;   10;   8.3;   1.9;    3;   0.0;   0;   10.767;   0;   2.1;  10.5;  929.10;   14.1;   69.13;   22.8;    5.0;    3.6;eor
       1550;20180429;   10;  13.1;   1.9;    3;   1.1;   6;   10.700;   0;   5.4;   9.2;  924.49;   16.8;   53.50;   25.4;    7.6;    5.5;eor
       1550;20180430;   10;  10.9;   2.8;    3;   0.6;   6;    7.167;-999;   6.6;   9.2;  923.16;   13.0;   62.38;   17.7;    7.7;    7.3;eor
       1550;20180501;   10;  11.6;   2.1;    3;   0.0;   6;    1.033;-999;   7.5;   8.4;  928.92;   10.3;   67.25;   13.2;    6.3;    5.3;eor
       1550;20180502;   10;   8.2;   1.9;    3;   0.0;   6;    5.100;-999;   7.7;   9.9;  927.17;   12.6;   68.08;   17.0;    8.6;    8.4;eor
       1550;20180503;   10;   6.1;   1.3;    3;   1.4;   6;    0.000;-999;   8.0;  10.9;  929.53;   12.9;   73.54;   16.1;   11.1;   10.6;eor
       1550;20180504;   10;   7.6;   1.6;    3;   0.1;   6;    0.000;-999;   7.8;  13.3;  932.98;   12.2;   93.46;   13.4;   10.9;   10.8;eor
       1550;20180505;   10;  10.4;   2.1;    3;   0.0;   6;    5.017;-999;   6.4;  13.7;  935.64;   15.4;   78.83;   20.7;   10.4;    9.2;eor
       1550;20180506;   10;  11.7;   2.5;    3;   0.0;   0;   10.567;-999;   3.4;  12.2;  936.49;   15.3;   71.71;   21.4;    7.1;    5.6;eor
       1550;20180507;   10;  10.7;   2.2;    3;   0.0;   6;    9.967;-999;   1.6;  10.4;  933.12;   13.8;   69.21;   21.8;    5.0;    3.7;eor
       1550;20180508;   10;  10.8;   2.2;    3;   0.0;   0;   11.950;-999;   2.0;   9.8;  927.35;   14.6;   63.67;   22.7;    5.9;    4.5;eor
       1550;20180509;   10;  10.4;   1.3;    3;   5.4;   6;    5.950;-999;   5.7;  10.5;  925.04;   11.0;   80.79;   19.2;    4.9;    3.6;eor
       1550;20180510;   10;   8.4;   1.5;    3;   4.0;   6;    4.467;-999;   6.9;  11.3;  929.34;   12.9;   77.88;   20.3;    6.2;    4.9;eor
       1550;20180511;   10;   9.6;   1.6;    3;   0.0;   6;    6.583;-999;   6.3;  11.7;  934.59;   13.6;   76.29;   21.1;    6.7;    5.5;eor
       1550;20180512;   10;   8.4;   1.6;    3;   2.7;   6;    5.967;-999;   5.7;  12.8;  931.51;   15.6;   74.88;   22.6;    8.2;    6.5;eor
       1550;20180513;   10;  10.3;   1.8;    3;   0.9;   6;    9.283;-999;   5.2;  12.7;  925.73;   14.9;   77.54;   22.8;    7.0;    5.9;eor
       1550;20180514;   10;  11.3;   1.8;    3;  19.6;   6;    3.867;-999;   6.6;  13.3;  924.93;   13.3;   87.71;   19.1;    9.1;    9.1;eor
       1550;20180515;   10;   9.9;   1.1;    3;  16.7;   8;    0.933;-999;   7.8;  10.9;  928.37;    9.4;   92.25;   13.3;    8.1;    6.7;eor
       1550;20180516;   10;   3.0;   0.8;    3;   7.5;   6;    0.000;-999;   7.8;  11.0;  930.96;    9.6;   91.63;   11.7;    7.7;    7.5;eor
       1550;20180517;   10;   5.3;   0.8;    3;   1.6;   6;    0.383;-999;   7.8;  11.4;  933.97;   11.0;   87.38;   15.5;    8.0;    8.0;eor
       1550;20180518;   10;  10.1;   1.6;    3;   3.6;   6;    7.133;-999;   6.5;  11.3;  935.64;   12.3;   81.25;   19.7;    6.3;    5.2;eor
       1550;20180519;   10;  10.1;   1.3;    3;  14.1;   6;    5.267;-999;   5.3;  11.2;  935.48;   10.5;   88.54;   16.9;    4.4;    3.3;eor
       1550;20180520;   10;   8.8;   1.5;    3;   6.2;   6;    3.833;-999;   7.9;  12.3;  934.86;   12.2;   87.38;   17.6;    7.5;    6.5;eor
       1550;20180521;   10;   9.8;   1.5;    3;   0.0;   6;    9.333;-999;   4.4;  11.4;  931.27;   14.5;   72.42;   22.3;    5.4;    4.1;eor
       1550;20180522;   10;  12.1;   1.6;    3;   0.0;   0;    7.050;-999;   7.2;  11.7;  930.12;   14.5;   74.42;   21.6;    6.4;    5.1;eor
       1550;20180523;   10;  10.0;   1.7;    3;   1.1;   6;    5.817;-999;   7.8;  12.9;  934.03;   14.4;   80.58;   20.9;    7.9;    6.9;eor
       1550;20180524;   10;   6.9;   1.3;    3;   0.2;   6;    2.867;-999;   7.7;  13.8;  935.57;   14.9;   82.75;   20.4;    9.7;    8.9;eor
       1550;20180525;   10;   8.8;   1.9;    3;   0.0;   6;    8.867;-999;   3.5;  12.7;  935.92;   16.6;   71.21;   24.1;    7.8;    6.4;eor
       1550;20180526;   10;   9.4;   1.7;    3;   0.0;   6;    9.583;-999;   6.7;  14.0;  937.23;   17.7;   72.50;   26.0;    8.3;    6.7;eor
       1550;20180527;   10;   8.1;   1.3;    3;   0.0;   6;    4.133;-999;   7.6;  14.6;  936.46;   16.9;   77.88;   25.2;   10.4;    9.3;eor
       1550;20180528;   10;   7.6;   1.4;    3;   0.0;   0;    7.933;-999;   5.9;  13.5;  934.35;   18.5;   67.33;   27.0;    9.5;    8.1;eor
       1550;20180529;   10;   9.0;   2.0;    3;   0.1;   6;    5.417;-999;   6.8;  14.4;  932.06;   19.0;   67.88;   26.4;    9.9;    9.0;eor
       1550;20180530;   10;  10.3;   2.3;    3;   0.3;   6;   11.150;-999;   3.6;  15.6;  932.75;   19.7;   70.46;   26.2;   11.4;   10.5;eor
       1550;20180531;   10;   9.0;   1.9;    3;  29.3;   8;    7.050;-999;   6.3;  15.2;  932.77;   18.2;   77.00;   26.8;   10.7;    9.7;eor
       1550;20180601;   10;   6.7;   1.1;    3;   0.0;   6;    0.550;-999;   8.0;  15.2;  936.40;   16.9;   80.17;   21.5;   13.6;   13.0;eor
       1550;20180602;   10;   9.2;   1.7;    3;   1.6;   8;    5.750;-999;   6.0;  14.9;  936.65;   16.8;   79.88;   23.4;   10.6;    9.5;eor
       1550;20180603;   10;   9.0;   1.9;    3;   0.0;   0;   12.300;-999;   3.5;  13.2;  934.36;   17.9;   68.46;   25.6;    8.5;    7.4;eor
       1550;20180604;   10;  10.2;   1.8;    3;   6.5;   6;    7.883;-999;   4.6;  15.4;  928.92;   17.4;   79.25;   25.4;   10.1;    9.1;eor
       1550;20180605;   10;   9.0;   1.5;    3;   0.8;   6;    9.767;-999;   4.2;  15.1;  928.58;   17.9;   75.96;   25.8;   11.0;    9.9;eor
       1550;20180606;   10;   8.1;   1.5;    3;   7.2;   6;    5.533;-999;   7.0;  16.1;  930.47;   17.3;   82.54;   24.8;   10.8;    9.7;eor
       1550;20180607;   10;   9.2;   1.5;    3;   3.8;   6;    1.850;-999;   7.8;  16.4;  932.90;   17.3;   84.50;   22.6;   13.4;   12.8;eor
       1550;20180608;   10;   9.9;   1.7;    3;   0.0;   6;    7.467;-999;   7.2;  16.2;  930.32;   17.3;   83.04;   23.7;   12.9;   11.7;eor
       1550;20180609;   10;   9.0;   1.8;    3;   3.2;   6;    7.767;-999;   4.6;  15.9;  930.70;   18.3;   77.75;   25.8;   11.2;   10.1;eor
       1550;20180610;   10;   7.9;   1.4;    3;   2.2;   6;    9.067;-999;   5.5;  17.6;  930.95;   19.7;   78.04;   25.9;   13.3;   12.7;eor
       1550;20180611;   10;   9.4;   1.5;    3;   2.8;   6;    8.917;-999;   4.2;  17.4;  928.52;   20.0;   76.50;   27.1;   12.3;   11.7;eor
       1550;20180612;   10;   9.1;   1.6;    3;  43.6;   6;    3.200;-999;   7.5;  16.4;  927.18;   16.2;   89.17;   21.3;   13.5;   13.3;eor
       1550;20180613;   10;   8.1;   1.6;    3;  17.2;   6;    0.000;-999;   7.8;  13.4;  929.29;   12.0;   95.08;   14.0;    9.5;    9.5;eor
       1550;20180614;   10;   8.3;   1.8;    3;   0.0;   0;    7.017;-999;   6.2;  11.4;  933.52;   13.2;   76.67;   18.1;    9.1;    8.2;eor
       1550;20180615;   10;  10.2;   2.2;    3;   0.0;   0;   13.167;-999;   3.6;  10.9;  933.95;   15.4;   65.83;   21.9;    8.1;    6.8;eor
       1550;20180616;   10;   9.4;   1.8;    3;   0.0;   0;   12.850;-999;   1.9;  10.9;  933.48;   16.2;   64.25;   24.2;    6.7;    5.8;eor
       1550;20180617;   10;   8.2;   1.3;    3;  18.0;   6;    1.450;-999;   7.4;  13.8;  935.90;   15.7;   78.33;   20.9;    8.7;    7.9;eor
       1550;20180618;   10;   5.1;   1.1;    3;   0.0;   6;    2.167;-999;   6.7;  14.9;  939.80;   16.0;   82.58;   20.3;   11.0;    9.9;eor
       1550;20180619;   10;   7.0;   1.5;    3;   0.0;   0;    6.583;-999;   5.4;  14.2;  941.58;   17.4;   73.79;   23.9;   11.0;   10.3;eor
       1550;20180620;   10;   9.3;   1.9;    3;   0.0;   0;   13.083;-999;   0.0;  15.0;  938.55;   19.6;   69.25;   27.2;   10.5;    9.3;eor
       1550;20180621;   10;  11.8;   1.6;    3;  26.3;   6;    8.200;-999;   4.0;  15.9;  934.50;   19.9;   72.46;   28.7;   11.6;   10.7;eor
       1550;20180622;   10;   9.7;   1.8;    3;   0.0;   6;    5.083;-999;   7.2;   9.4;  939.55;   13.0;   65.17;   18.4;    9.2;    8.9;eor
       1550;20180623;   10;   8.6;   2.0;    3;   0.0;   6;    9.283;-999;   6.4;   9.6;  940.25;   13.4;   64.50;   18.8;    6.5;    5.4;eor
       1550;20180624;   10;   9.2;   1.8;    3;   3.2;   6;    5.517;-999;   7.8;  11.7;  937.13;   14.5;   72.58;   18.9;   10.0;    9.7;eor
       1550;20180625;   10;   5.5;   1.3;    3;   1.9;   6;    2.600;-999;   7.2;  12.1;  938.72;   12.7;   83.75;   18.1;   10.0;    9.4;eor
       1550;20180626;   10;   6.8;   1.5;    3;   0.0;   6;    5.383;-999;   6.0;  11.3;  939.36;   15.5;   66.46;   20.4;    7.7;    6.8;eor
       1550;20180627;   10;  11.2;   1.5;    3;   4.8;   8;    4.983;-999;   6.0;  12.8;  938.18;   14.2;   80.00;   20.6;    8.4;    7.8;eor
       1550;20180628;   10;   4.1;   0.8;    3;   9.3;   6;    0.000;-999;   7.5;  12.8;  935.88;   11.5;   93.63;   14.1;    8.1;    7.8;eor
       1550;20180629;   10;  10.5;   1.5;    3;   0.0;   6;    4.850;-999;   5.5;  15.2;  933.43;   15.9;   84.71;   22.0;   11.2;   10.6;eor
       1550;20180630;   10;   8.0;   1.7;    3;   0.0;   0;    8.050;-999;   2.9;  15.2;  931.90;   18.8;   72.79;   25.8;   10.6;    9.4;eor
       1550;20180701;   10;  11.5;   2.2;    3;   0.0;   0;   11.533;-999;   2.1;  13.0;  932.53;   17.0;   70.13;   23.3;   10.2;    9.8;eor
       1550;20180702;   10;   9.3;   1.9;    3;   0.7;   6;   11.583;-999;   1.9;  13.4;  932.24;   17.3;   70.25;   24.5;    8.9;    8.4;eor
       1550;20180703;   10;   7.0;   1.0;    3;   9.1;   6;    3.817;-999;   7.3;  16.5;  934.74;   17.1;   84.96;   22.1;   12.8;   12.4;eor
       1550;20180704;   10;   8.2;   1.1;    3;   2.0;   6;    6.017;-999;   6.1;  15.6;  935.09;   17.4;   80.04;   25.1;   11.8;   10.8;eor
       1550;20180705;   10;   6.0;   1.0;    3;  14.0;   6;    1.200;-999;   7.5;  15.2;  933.35;   15.8;   85.75;   22.7;   10.4;    9.5;eor
       1550;20180706;   10;   3.0;   0.7;    3;  16.7;   6;    0.000;-999;   7.6;  15.6;  936.65;   14.3;   95.46;   16.1;   12.1;   11.4;eor
       1550;20180707;   10;   4.2;   0.9;    3;   0.2;   6;    4.517;-999;   6.0;  14.1;  939.71;   16.4;   78.88;   23.0;   10.6;   10.0;eor
       1550;20180708;   10;   6.4;   0.9;    3;   0.0;   6;    0.933;-999;   6.9;  14.7;  938.73;   16.5;   79.17;   22.4;    9.5;    8.5;eor
       1550;20180709;   10;   7.7;   1.6;    3;   0.0;   0;   10.417;-999;   5.3;  12.8;  936.91;   17.7;   67.54;   24.5;    9.4;    8.3;eor
       1550;20180710;   10;  10.6;   1.5;    3;   3.6;   6;    2.000;-999;   7.6;  13.8;  933.29;   16.1;   76.63;   21.2;   10.7;    9.8;eor
       1550;20180711;   10;   7.7;   1.4;    3;   0.0;   6;    1.883;-999;   7.6;  12.9;  933.29;   14.9;   77.25;   19.7;   11.5;   11.2;eor
       1550;20180712;   10;   9.5;   2.0;    3;   0.0;   0;   11.600;-999;   2.5;  12.4;  935.06;   16.4;   69.04;   23.2;    8.1;    7.1;eor
       1550;20180713;   10;   9.2;   1.7;    3;   0.1;   6;   10.067;-999;   2.3;  13.3;  937.09;   17.7;   69.75;   25.4;    9.4;    9.0;eor
       1550;20180714;   10;   8.8;   1.6;    3;   1.9;   6;    6.133;-999;   6.6;  14.1;  936.21;   19.0;   67.88;   26.6;   11.3;   10.8;eor
       1550;20180715;   10;   9.8;   1.5;    3;   2.8;   8;    5.533;-999;   7.7;  15.1;  934.57;   17.7;   77.79;   26.0;   12.6;   12.0;eor
       1550;20180716;   10;   8.7;   1.4;    3;   2.3;   6;    6.233;-999;   5.5;  15.2;  932.12;   17.3;   78.50;   23.9;   12.8;   12.3;eor
       1550;20180717;   10;   8.0;   1.3;    3;   1.1;   6;    5.433;-999;   6.5;  14.4;  934.32;   17.4;   74.13;   23.7;   12.6;   11.4;eor
       1550;20180718;   10;   6.5;   1.3;    3;   0.0;   0;    8.967;-999;   3.6;  14.3;  935.31;   19.2;   68.25;   26.7;   12.5;   11.7;eor
       1550;20180719;   10;   8.8;   2.0;    3;   0.0;   0;   12.833;-999;   0.8;  13.7;  934.54;   19.3;   65.33;   27.0;   10.4;    9.4;eor
       1550;20180720;   10;   7.8;   1.4;    3;  12.2;   6;    6.600;-999;   6.4;  15.6;  932.43;   19.1;   73.92;   27.5;   12.1;   11.5;eor
       1550;20180721;   10;   5.9;   1.1;    3;  11.6;   6;    0.867;-999;   7.8;  16.6;  931.23;   16.7;   87.75;   21.9;   14.6;   14.5;eor
       1550;20180722;   10;   3.3;   0.7;    3;  15.8;   6;    0.000;-999;   7.9;  16.4;  932.89;   16.1;   90.25;   19.1;   14.2;   14.1;eor
       1550;20180723;   10;   5.1;   0.9;    3;   0.0;   6;    3.167;-999;   5.3;  16.2;  935.46;   17.2;   83.71;   23.6;   12.3;   11.1;eor
       1550;20180724;   10;   8.1;   1.7;    3;   0.0;   0;   11.833;-999;   0.2;  14.5;  933.72;   18.9;   70.63;   27.4;   10.2;    9.3;eor
       1550;20180725;   10;   8.8;   1.7;    3;   1.5;   6;   10.050;-999;   2.9;  14.6;  934.04;   19.7;   68.71;   28.6;   10.4;    8.9;eor
       1550;20180726;   10;   9.0;   1.8;    3;   0.0;   0;   10.500;-999;   1.1;  14.7;  933.85;   19.6;   68.67;   27.0;   12.1;   11.4;eor
       1550;20180727;   10;   8.2;   1.8;    3;   0.0;   0;   10.550;-999;   1.8;  14.9;  931.75;   20.0;   67.71;   28.1;   10.9;   10.1;eor
       1550;20180728;   10;  10.0;   1.4;    3;   3.4;   6;    7.150;-999;   5.0;  15.3;  931.16;   20.9;   65.50;   28.7;   12.2;   10.9;eor
       1550;20180729;   10;   8.8;   1.6;    3;   0.0;   0;   11.667;-999;   5.5;  17.1;  934.36;   21.1;   71.92;   28.4;   14.9;   14.2;eor
       1550;20180730;   10;   8.6;   1.7;    3;   0.0;   0;   12.433;-999;   1.2;  15.3;  935.38;   22.4;   62.38;   30.5;   13.6;   12.7;eor
       1550;20180731;   10;   8.3;   1.8;    3;   0.0;   0;   12.550;-999;  -999;  15.2;  935.79;   23.0;   59.71;   32.0;   13.2;   12.4;eor
       1550;20180801;   10;  11.5;   2.0;    3;   0.0;   6;   11.367;-999;   2.3;  16.4;  936.62;   23.6;   60.17;   32.0;   13.6;   13.1;eor
       1550;20180802;   10;   9.0;   2.2;    3;  10.0;   8;    8.567;-999;   6.3;  18.7;  939.24;   22.4;   70.79;   27.8;   16.8;   16.3;eor
       1550;20180803;   10;   8.0;   1.8;    3;   0.0;   0;   12.100;-999;   1.5;  18.7;  937.94;   22.5;   72.38;   30.5;   14.9;   14.3;eor
       1550;20180804;   10;   8.8;   1.6;    3;   0.0;   0;   10.917;-999;   1.5;  17.1;  936.25;   22.7;   66.38;   30.8;   14.5;   13.6;eor
       1550;20180805;   10;   7.8;   1.2;    3;   3.2;   6;    6.517;-999;   5.0;  18.6;  936.70;   22.0;   72.96;   29.8;   14.9;   14.2;eor
       1550;20180806;   10;  10.0;   2.1;    3;   0.0;   0;    8.800;-999;   6.5;  17.2;  935.35;   23.0;   64.33;   30.1;   15.3;   14.6;eor
       1550;20180807;   10;   5.0;   1.2;    3;   0.0;   0;    5.650;-999;   6.5;  15.8;  933.47;   22.1;   61.88;   28.9;   15.5;   14.2;eor
       1550;20180808;   10;   8.8;   1.8;    3;   0.2;   6;    6.383;-999;   6.9;  17.0;  933.79;   21.4;   69.21;   29.0;   14.1;   12.8;eor
       1550;20180809;   10;   9.8;   1.4;    3;  53.1;   8;    9.783;-999;   5.7;  16.1;  933.53;   22.9;   65.33;   33.8;   15.3;   13.6;eor
       1550;20180810;   10;   6.5;   1.3;    3;   8.3;   6;    0.017;-999;   7.7;  15.8;  941.22;   15.2;   90.92;   16.7;   13.2;   12.9;eor
       1550;20180811;   10;   8.8;   1.7;    3;   0.0;   0;    9.067;-999;   5.3;  13.3;  940.60;   16.1;   75.67;   22.3;   10.6;    9.7;eor
       1550;20180812;   10;   9.6;   1.8;    3;   0.5;   6;   11.400;-999;   3.5;  15.0;  934.88;   19.0;   71.13;   27.0;    9.1;    8.1;eor
       1550;20180813;   10;  17.0;   1.6;    3;  16.7;   6;    7.117;-999;   4.3;  16.4;  930.68;   18.7;   80.38;   28.1;   12.2;   11.3;eor
       1550;20180814;   10;   3.9;   0.9;    3;   5.4;   6;    1.333;-999;   7.9;  16.1;  934.21;   16.6;   86.00;   21.7;   14.3;   14.1;eor
       1550;20180815;   10;   8.1;   1.5;    3;   0.0;   0;    8.617;-999;   5.3;  14.9;  937.88;   17.7;   76.25;   23.5;   12.1;   11.4;eor
       1550;20180816;   10;   7.7;   1.6;    3;   0.0;   0;   12.200;-999;   0.0;  14.2;  935.15;   18.4;   70.96;   26.4;   10.0;    9.0;eor
       1550;20180817;   10;   6.2;   1.4;    3;   0.0;   0;   10.550;-999;   3.4;  14.6;  934.22;   19.7;   68.29;   27.6;   11.3;   10.3;eor
       1550;20180818;   10;  10.0;   1.8;    3;   0.0;   0;   10.033;-999;   7.0;  16.6;  938.23;   19.7;   74.17;   25.5;   13.5;   12.9;eor
       1550;20180819;   10;   8.9;   1.6;    3;   0.0;   0;    9.700;-999;   3.3;  17.2;  938.50;   20.3;   74.83;   27.9;   13.3;   12.4;eor
       1550;20180820;   10;   8.6;   1.5;    3;   0.0;   0;    9.617;-999;   4.5;  16.7;  937.48;   20.7;   70.88;   27.5;   14.4;   13.5;eor
       1550;20180821;   10;   8.8;   1.8;    3;   0.0;   0;   10.533;-999;   2.2;  16.6;  937.07;   20.8;   70.21;   27.9;   12.5;   12.0;eor
       1550;20180822;   10;   7.3;   1.5;    3;   0.0;   6;    7.883;-999;   4.5;  16.7;  935.83;   20.9;   69.92;   29.3;   13.9;   12.6;eor
       1550;20180823;   10;  10.6;   1.3;    3;  17.1;   6;    4.133;-999;   7.8;  17.0;  933.98;   18.5;   81.63;   27.1;   13.5;   12.7;eor
       1550;20180824;   10;   7.8;   1.2;    3;  10.6;   6;    0.833;-999;   7.6;  15.9;  931.86;   16.0;   88.00;   21.6;   12.5;   11.7;eor
       1550;20180825;   10;   4.6;   0.9;    3;  12.6;   6;    0.283;-999;   7.8;  12.7;  932.19;   12.0;   90.13;   15.4;    9.5;    9.4;eor
       1550;20180826;   10;   4.9;   1.0;    3;   0.0;   6;    4.483;-999;   6.4;   9.6;  934.73;   10.6;   77.46;   16.3;    4.8;    3.5;eor
       1550;20180827;   10;   6.0;   1.2;    3;   0.1;   6;    5.483;-999;   5.7;  10.1;  935.01;   13.8;   68.42;   24.1;    3.5;    2.4;eor
       1550;20180828;   10;   8.5;   1.5;    3;   0.0;   0;   11.800;-999;  -999;  14.6;  936.55;   17.8;   74.88;   25.0;   10.5;    9.3;eor
       1550;20180829;   10;   8.0;   1.5;    3;  20.6;   8;    9.483;-999;   5.6;  15.4;  933.64;   18.7;   75.54;   27.9;   10.1;    8.6;eor
       1550;20180830;   10;   7.3;   1.0;    3;   5.7;   6;    0.000;-999;   7.9;  15.6;  937.31;   14.3;   95.21;   15.3;   12.0;   11.5;eor
       1550;20180831;   10;   6.0;   1.3;    3;  35.8;   6;    0.000;-999;   7.8;  14.2;  936.21;   12.8;   96.08;   14.4;   11.5;   11.3;eor
       1550;20180901;   10;   6.8;   1.8;    3;   5.5;   6;    0.000;-999;   7.8;  12.8;  938.25;   11.2;   95.71;   12.5;   10.2;   10.1;eor
       1550;20180902;   10;   5.6;   1.1;    3;   0.0;   6;    0.067;-999;   8.0;  12.6;  937.04;   12.3;   88.33;   14.7;   10.1;   10.0;eor
       1550;20180903;   10;   8.8;   1.5;    3;   0.0;   6;    7.200;-999;   7.6;  13.3;  933.62;   14.2;   83.13;   18.4;   10.4;    9.5;eor
       1550;20180904;   10;   6.0;   1.2;    3;   0.0;   6;    0.683;-999;   7.1;  13.5;  934.27;   13.7;   86.71;   18.5;    9.9;    8.8;eor
       1550;20180905;   10;  10.2;   1.8;    3;   0.0;   0;   10.633;-999;   1.2;  14.0;  934.39;   15.6;   80.96;   23.2;    7.8;    6.4;eor
       1550;20180906;   10;   9.8;   1.5;    3;  11.6;   6;    8.583;-999;   6.1;  15.1;  930.95;   16.3;   83.42;   24.2;   10.0;    8.7;eor
       1550;20180907;   10;   2.9;   0.7;    3;   2.8;   6;    0.767;-999;   6.5;  15.4;  933.43;   14.7;   92.33;   18.4;   11.0;   10.0;eor
       1550;20180908;   10;   9.1;   1.7;    3;   0.0;   0;    9.833;-999;   4.1;  13.8;  938.07;   15.2;   81.33;   21.1;   10.1;    8.8;eor
       1550;20180909;   10;   8.6;   1.6;    3;   0.0;   0;   11.133;-999;   3.3;  13.3;  939.60;   15.7;   77.67;   24.1;    8.2;    7.0;eor
       1550;20180910;   10;   8.1;   1.4;    3;   0.0;   0;    9.983;-999;   5.2;  12.9;  941.47;   16.2;   75.25;   25.3;    8.9;    7.5;eor
       1550;20180911;   10;   7.8;   1.4;    3;   0.0;   0;   11.483;-999;   3.7;  12.8;  943.11;   16.7;   72.71;   26.0;    8.4;    6.7;eor
       1550;20180912;   10;   8.0;   1.4;    3;   0.0;   0;   11.350;-999;   1.8;  13.5;  940.09;   17.9;   71.17;   27.9;    8.7;    7.1;eor
       1550;20180913;   10;   8.4;   1.5;    3;  19.2;   6;    5.817;-999;   6.1;  15.1;  936.13;   17.4;   78.75;   24.8;   11.5;   10.0;eor
       1550;20180914;   10;   6.3;   1.3;    3;   0.3;   6;    3.033;-999;   7.5;  15.5;  937.20;   15.6;   88.42;   19.5;   13.0;   11.8;eor
       1550;20180915;   10;   5.4;   1.1;    3;   0.9;   6;    0.617;-999;   7.5;  15.0;  940.57;   14.7;   90.04;   18.5;   11.6;    9.8;eor
       1550;20180916;   10;   6.8;   1.4;    3;   3.5;   6;   10.167;-999;   5.5;  14.8;  939.70;   15.8;   84.00;   22.7;    9.2;    8.0;eor
       1550;20180917;   10;   9.0;   1.5;    3;   0.0;   0;    8.767;-999;   3.7;  15.9;  938.46;   17.8;   80.79;   24.3;   12.2;   10.7;eor
       1550;20180918;   10;   8.1;   1.1;    3;  20.0;   8;    3.383;-999;   4.1;  15.3;  937.21;   15.7;   87.29;   24.8;   10.7;    9.2;eor
       1550;20180919;   10;   5.9;   1.1;    3;   0.0;   0;    9.750;-999;   2.8;  14.3;  939.47;   16.2;   80.92;   25.2;    9.7;    8.6;eor
       1550;20180920;   10;   7.5;   1.2;    3;   0.0;   0;   11.050;-999;   0.4;  13.6;  938.01;   16.7;   76.33;   26.4;    8.9;    7.5;eor
       1550;20180921;   10;  11.2;   1.3;    3;  13.1;   6;    8.350;-999;   4.7;  13.7;  933.21;   17.4;   73.96;   27.9;    9.2;    7.7;eor
       1550;20180922;   10;   5.3;   1.1;    3;   3.7;   6;    2.667;-999;   7.8;  11.2;  939.42;   11.6;   83.00;   15.7;    8.8;    8.9;eor
       1550;20180923;   10;  12.2;   1.2;    3;  14.9;   6;    3.467;-999;   7.2;  15.8;  933.02;   16.1;   86.04;   24.6;   10.2;   10.2;eor
       1550;20180924;   10;   6.0;   1.5;    3;   1.5;   6;    3.133;-999;   6.5;   8.9;  946.05;    7.9;   84.00;   12.6;    3.3;    2.2;eor
       1550;20180925;   10;   8.7;   2.1;    3;   0.0;   0;   10.883;-999;   0.7;   7.2;  951.18;    6.2;   78.13;   12.9;    0.8;   -0.3;eor
       1550;20180926;   10;   7.6;   1.3;    3;   0.0;   0;   10.617;-999;   4.8;   8.2;  949.57;    8.8;   76.04;   19.8;   -0.2;   -1.9;eor
       1550;20180927;   10;   6.2;   1.2;    3;   0.0;   0;   10.733;-999;   0.5;   9.3;  945.27;   11.3;   74.71;   22.0;    2.8;    1.3;eor
       1550;20180928;   10;   9.1;   1.7;    3;   0.2;   6;    8.533;-999;   3.1;  11.1;  938.74;   13.2;   74.63;   21.2;    4.4;    2.5;eor
       1550;20180929;   10;   9.3;   2.0;    3;   0.0;   0;    5.250;-999;   5.1;  10.2;  939.52;   10.7;   80.17;   14.7;    5.2;    3.8;eor
       1550;20180930;   10;   8.0;   1.3;    3;  21.7;   6;   10.567;-999;   2.4;  10.5;  933.71;   12.1;   77.29;   21.7;    3.5;    2.3;eor
       1550;20181001;   10;   5.2;   1.0;    3;  29.1;   6;    0.000;-999;   7.5;  10.4;  932.73;    8.3;   93.79;   11.9;    5.2;    4.7;eor
       1550;20181002;   10;   5.0;   1.0;    3;   0.0;   6;    4.883;   0;   7.2;   8.2;  938.57;    8.0;   78.21;   13.7;    4.5;    4.2;eor
       1550;20181003;   10;   7.4;   1.0;    3;   0.0;   6;    0.000;   0;   7.9;  10.5;  941.73;   10.5;   83.58;   15.3;    7.4;    7.1;eor
       1550;20181004;   10;   8.0;   1.5;    3;   0.0;   0;   10.467;   0;   2.0;  10.5;  942.38;   11.0;   81.67;   17.9;    5.4;    3.4;eor
       1550;20181005;   10;   6.8;   1.2;    3;   0.0;   0;   10.333;   0;   1.6;  10.2;  937.73;   11.5;   78.83;   21.6;    3.7;    1.9;eor
       1550;20181006;   10;   5.8;   1.1;    3;   0.1;   6;    7.283;   0;   7.3;  11.3;  931.72;   13.8;   75.17;   22.3;    7.0;    5.6;eor
       1550;20181007;   10;   6.3;   1.0;    3;   0.0;   6;    0.267;   0;   6.4;  12.7;  932.47;   13.2;   85.04;   19.1;    7.5;    5.7;eor
       1550;20181008;   10;   8.2;   1.5;    3;   0.0;   0;    9.933;   0;   2.5;  11.7;  936.80;   11.8;   84.67;   18.4;    5.4;    3.5;eor
       1550;20181009;   10;   7.6;   1.6;    3;   0.0;   0;    9.583;   0;   3.7;  12.3;  938.40;   12.9;   83.71;   19.3;    7.0;    5.5;eor
       1550;20181010;   10;   6.4;   1.3;    3;   0.0;   0;   10.050;   0;   0.0;  11.0;  935.36;   12.8;   77.88;   23.7;    5.4;    3.3;eor
       1550;20181011;   10;   6.2;   1.4;    3;   0.0;   0;    7.467;   0;   3.3;  10.3;  934.16;   13.8;   69.46;   24.3;    5.1;    2.6;eor
       1550;20181012;   10;   7.0;   1.3;    3;   0.0;   0;    9.800;   0;   1.4;  11.3;  940.79;   14.5;   72.71;   23.0;    7.7;    5.7;eor
       1550;20181013;   10;   6.3;   1.2;    3;   0.0;   0;    9.717;   0;   0.0;  11.1;  938.59;   12.9;   78.54;   22.6;    5.7;    3.7;eor
       1550;20181014;   10;   3.7;   1.2;    3;   0.0;   0;    9.633;   0;   0.0;   8.7;  932.93;   12.3;   67.88;   25.0;    4.9;    2.2;eor
       1550;20181015;   10;   4.2;   1.3;    3;   0.0;   0;    9.400;   0;   0.1;   8.4;  932.84;   11.8;   66.58;   22.8;    4.9;    2.4;eor
       1550;20181016;   10;   7.3;   1.3;    3;   0.0;   0;    9.400;   0;   0.4;   8.5;  936.25;   10.8;   71.63;   21.4;    3.9;    1.5;eor
       1550;20181017;   10;   8.5;   1.3;    3;   0.0;   0;    9.233;   0;   0.0;   9.1;  936.00;   10.2;   76.96;   19.8;    3.4;    1.2;eor
       1550;20181018;   10;   9.0;   1.3;    3;   0.0;   0;    8.050;   0;   6.1;   9.5;  936.23;    9.5;   82.38;   17.7;    3.5;    1.6;eor
       1550;20181019;   10;   7.3;   1.3;    3;   0.0;   0;    8.867;   0;   2.5;   9.4;  938.20;    8.7;   85.00;   16.4;    2.9;    0.9;eor
       1550;20181020;   10;   7.4;   1.5;    3;   0.0;   0;    6.817;   0;   4.8;   9.5;  943.31;    9.1;   83.92;   16.2;    3.6;    1.7;eor
       1550;20181021;   10;  10.8;   1.7;    3;   0.0;   6;    4.283;   0;   4.4;   8.7;  942.45;    7.5;   83.63;   12.7;    0.1;   -2.3;eor
       1550;20181022;   10;   8.9;   1.4;    3;   0.0;   0;    8.700;   0;   1.8;   6.6;  942.75;    4.5;   80.17;   11.7;   -2.0;   -4.3;eor
       1550;20181023;   10;  12.7;   1.7;    3;   0.2;   6;    4.500;   0;   6.1;   7.3;  942.37;    8.2;   70.17;   15.5;   -0.1;   -2.5;eor
       1550;20181024;   10;  11.0;   2.2;    3;   7.8;   6;    0.000;   0;   7.7;  10.6;  938.85;   11.6;   78.46;   14.4;    9.0;    8.0;eor
       1550;20181025;   10;   6.8;   1.3;    3;   0.0;   0;    8.517;   0;   4.8;  10.6;  936.06;   10.8;   83.00;   17.6;    4.8;    3.4;eor
       1550;20181026;   10;   4.2;   1.2;    3;   1.8;   6;    8.433;   0;   5.3;   8.7;  927.90;    8.9;   79.75;   17.5;    3.1;    1.3;eor
       1550;20181027;   10;   6.4;   1.6;    3;  11.6;   6;    0.000;   0;   7.8;   8.2;  923.97;    5.0;   93.71;    7.0;    2.3;    2.3;eor
       1550;20181028;   10;   5.9;   1.5;    3;   0.1;   6;    0.000;   0;   7.8;   7.4;  920.28;    3.6;   93.83;    5.6;    1.7;    1.4;eor
       1550;20181029;   10;  10.2;   1.4;    3;  15.0;   6;    0.000;   0;   7.5;   8.7;  913.32;    5.3;   95.88;   12.9;    1.5;    1.3;eor
       1550;20181030;   10;  14.5;   2.4;    3;   0.0;   0;    0.550;   0;   5.9;   7.1;  917.38;    5.7;   78.25;   12.4;   -0.9;   -2.9;eor
       1550;20181031;   10;   7.5;   1.4;    3;   0.0;   0;    2.750;   0;   6.5;   6.7;  932.18;    5.4;   79.13;   16.1;   -1.2;   -3.5;eor
       1550;20181101;   10;   9.6;   1.7;    3;   0.0;   0;    2.350;   0;   5.6;   7.8;  930.29;    8.0;   75.50;   17.8;    2.6;    0.2;eor
       1550;20181102;   10;   6.3;   1.2;    3;   0.7;   6;    0.933;   0;   8.0;   8.4;  938.03;    6.4;   88.08;   10.9;    1.9;    0.3;eor
       1550;20181103;   10;   7.1;   1.1;    3;   0.0;   0;    3.883;   0;   7.0;   9.2;  940.00;    7.3;   90.38;   12.6;    3.4;    1.8;eor
       1550;20181104;   10;   4.9;   1.1;    3;   0.0;   0;    3.733;   0;   8.0;   9.0;  932.78;    6.7;   92.04;   14.1;    3.0;    1.0;eor
       1550;20181105;   10;   4.4;   1.5;    3;   0.0;   0;    5.500;   0;   4.5;   8.8;  927.96;    9.9;   76.92;   20.9;    4.2;    1.4;eor
       1550;20181106;   10;   5.2;   1.5;    3;   0.0;   0;    3.117;   0;   6.6;   9.2;  927.32;    9.7;   77.17;   18.8;    4.7;    1.5;eor
       1550;20181107;   10;   4.4;   1.2;    3;   0.0;   6;    6.833;   0;   4.7;   8.5;  929.92;    8.7;   79.08;   20.1;    3.2;    0.9;eor
       1550;20181108;   10;   5.8;   1.1;    3;   0.0;   6;    2.200;   0;   5.8;   9.0;  936.07;    7.0;   89.79;   12.7;    3.1;    0.9;eor
       1550;20181109;   10;   3.3;   1.0;    3;   0.0;   0;    0.717;   0;   7.4;   8.5;  932.55;    5.7;   92.63;    9.8;    2.3;    0.1;eor
       1550;20181110;   10;   7.0;   1.3;    3;   0.0;   0;    7.183;   0;   0.6;   7.9;  927.92;    7.1;   82.21;   18.7;    1.6;   -1.2;eor
       1550;20181111;   10;   9.1;   1.5;    3;   0.0;   0;    6.283;   0;   4.5;   8.3;  931.53;    8.0;   80.50;   16.7;    3.0;    0.5;eor
       1550;20181112;   10;   7.3;   1.3;    3;   0.0;   0;    6.283;   0;   2.0;   8.1;  936.50;    8.1;   79.29;   20.8;    2.6;   -0.3;eor
       1550;20181113;   10;  13.2;   1.5;    3;   0.2;   6;    3.533;   0;   7.4;   8.7;  943.36;    7.3;   86.71;   17.7;    2.4;   -0.4;eor
       1550;20181114;   10;   6.5;   1.1;    3;   0.0;   0;    6.900;   0;   2.3;   7.8;  944.68;    5.3;   88.50;   14.1;   -0.8;   -3.3;eor
       1550;20181115;   10;   4.0;   1.1;    3;   0.0;   0;    0.383;   0;   6.5;   6.4;  941.95;    1.4;   93.25;    4.7;   -2.1;   -4.7;eor
       1550;20181116;   10;   3.9;   1.0;    3;   0.0;   0;    0.000;   0;   7.7;   5.8;  941.93;    0.6;   90.50;    2.7;   -2.1;   -5.3;eor
       1550;20181117;   10;   6.3;   1.1;    3;   0.0;   0;    6.283;   0;   3.1;   5.1;  940.01;    0.0;   84.71;    5.5;   -3.6;   -6.7;eor
       1550;20181118;   10;   5.2;   1.1;    3;   0.6;   8;    0.300;   0;   4.6;   4.6;  935.87;   -2.7;   91.54;   -0.6;   -5.7;   -8.0;eor
       1550;20181119;   10;   7.0;   1.9;    3;   0.4;   8;    0.000;   0;   7.7;   4.9;  925.43;   -1.6;   90.63;   -0.5;   -4.9;   -7.6;eor
       1550;20181120;   10;   5.7;   1.2;    3;   0.0;   0;    5.733;   0;   3.5;   4.8;  921.75;   -1.5;   88.38;    4.6;   -4.5;   -7.1;eor
       1550;20181121;   10;   4.5;   1.0;    3;   0.0;   8;    1.083;   0;   5.1;   4.4;  929.10;   -3.4;   92.67;   -1.3;   -5.9;   -8.5;eor
       1550;20181122;   10;   3.2;   1.1;    3;   0.0;   0;    4.967;   0;   6.0;   5.2;  934.48;   -0.7;   89.71;    6.8;   -6.0;   -7.8;eor
       1550;20181123;   10;   4.3;   1.1;    3;   0.0;   0;    3.500;   0;   5.8;   5.9;  933.26;    1.2;   88.13;    8.0;   -3.4;   -6.4;eor
       1550;20181124;   10;   7.1;   1.1;    3;   0.5;   6;    0.000;   0;   8.0;   7.1;  929.78;    3.4;   90.17;    6.0;    0.2;   -2.1;eor
       1550;20181125;   10;   4.9;   1.2;    3;   0.0;   8;    2.633;   0;   7.5;   6.1;  924.36;    0.5;   95.54;    5.1;   -2.1;   -4.7;eor
       1550;20181126;   10;   5.2;   1.2;    3;   4.5;   8;    0.000;   0;   7.9;   6.2;  922.32;    1.4;   91.08;    3.5;    0.4;    0.0;eor
       1550;20181127;   10;   4.4;   0.9;    3;   3.6;   8;    0.000;   3;   7.8;   6.1;  932.53;    0.6;   95.42;    1.2;    0.0;   -0.8;eor
       1550;20181128;   10;   2.6;   0.9;    3;   0.0;   0;    4.583;   1;   6.1;   4.8;  939.37;   -2.3;   92.29;    3.1;   -6.1;   -8.4;eor
       1550;20181129;   10;   2.9;   1.0;    3;   0.0;   0;    2.900;   1;   7.8;   5.4;  936.19;   -0.9;   93.17;    4.7;   -6.1;   -7.8;eor
       1550;20181130;   10;   6.2;   0.9;    3;   0.8;   6;    0.083;   0;   7.9;   7.0;  931.98;    3.4;   90.63;    8.0;    0.5;   -0.7;eor
       1550;20181201;   10;   2.3;   0.7;    3;   0.1;   6;    0.067;   0;   7.3;   7.2;  933.74;    3.1;   94.71;    7.1;   -0.7;   -3.0;eor
       1550;20181202;   10;   4.8;   1.0;    3;  15.3;   6;    0.000;   0;   7.7;   8.0;  928.13;    3.8;   97.25;    7.2;   -1.1;   -3.5;eor
       1550;20181203;   10;  12.8;   1.0;    3;   4.9;   6;    1.517;   0;   7.6;  10.1;  927.06;    8.2;   93.08;   12.2;    6.2;    4.6;eor
       1550;20181204;   10;   8.9;   1.2;    3;  14.0;   6;    0.050;   0;   7.5;   8.1;  935.55;    5.1;   92.67;    7.7;    2.7;    2.4;eor
       1550;20181205;   10;   3.0;   0.8;    3;   1.1;   6;    0.750;   0;   7.9;   7.5;  940.04;    3.5;   95.21;    7.4;    0.9;   -0.6;eor
       1550;20181206;   10;   3.7;   0.9;    3;   1.5;   6;    1.233;   0;   7.2;   8.8;  937.39;    5.7;   96.21;   10.7;    2.0;   -0.2;eor
       1550;20181207;   10;  11.4;   0.9;    3;   2.8;   8;    0.000;   0;   7.5;   8.5;  931.52;    5.4;   94.96;   10.2;    2.8;    0.9;eor
       1550;20181208;   10;  12.4;   2.1;    3;   1.0;   6;    1.217;   0;   7.0;   5.6;  930.10;    5.2;   64.04;    8.2;    1.4;   -1.4;eor
       1550;20181209;   10;  10.7;   1.9;    3;  16.5;   8;    0.000;   0;   7.5;   7.4;  924.35;    4.5;   87.29;    7.8;    3.2;    2.6;eor
       1550;20181210;   10;   9.7;   1.5;    3;  11.7;   8;    0.000;   0;   7.6;   6.0;  935.28;    1.6;   87.00;    4.1;   -0.7;   -1.3;eor
       1550;20181211;   10;   6.2;   1.0;    3;   0.9;   7;    0.467;   8;   7.5;   5.1;  937.52;   -1.0;   89.54;    1.6;   -5.4;   -6.0;eor
       1550;20181212;   10;   5.6;   1.0;    3;   0.0;   0;    1.317;   6;   5.5;   3.8;  936.26;   -4.1;   84.29;    0.8;   -8.4;   -9.8;eor
       1550;20181213;   10;   3.0;   0.9;    3;   0.0;   0;    4.150;   5;   0.6;   2.8;  930.10;   -8.9;   88.75;   -1.3;  -11.5;  -12.6;eor
       1550;20181214;   10;   3.4;   1.0;    3;   0.0;   7;    4.117;   6;   2.3;   2.5;  932.99;   -9.9;   86.54;   -3.8;  -13.4;  -13.6;eor
       1550;20181215;   10;   4.0;   1.4;    3;   0.0;   7;    3.983;   6;   3.7;   2.6;  937.13;   -9.1;   83.83;   -4.4;  -12.8;  -13.2;eor
       1550;20181216;   10;   2.6;   0.9;    3;   1.2;   8;    0.567;   7;   7.5;   4.4;  930.32;   -3.6;   91.63;    3.0;  -12.5;  -12.4;eor
       1550;20181217;   10;   2.1;   0.7;    3;   0.0;   8;    1.233;   7;   7.5;   4.9;  937.65;   -1.9;   91.75;    3.5;   -5.9;   -8.2;eor
       1550;20181218;   10;   3.3;   1.1;    3;   0.0;   0;    3.983;   7;   2.8;   3.7;  940.18;   -5.2;   90.33;    1.4;   -7.8;  -11.1;eor
       1550;20181219;   10;   3.3;   0.9;    3;   0.0;   8;    0.000;   7;   7.7;   4.8;  933.49;   -1.7;   88.08;    3.6;   -7.3;  -10.2;eor
       1550;20181220;   10;   3.5;   0.9;    3;   0.0;   6;    2.650;   7;   7.1;   5.5;  935.07;    0.1;   89.79;    8.3;   -2.7;   -7.4;eor
       1550;20181221;   10;  11.5;   1.2;    3;   8.6;   6;    0.000;   7;   7.8;   6.2;  933.37;    1.6;   89.71;   10.6;   -3.7;   -7.9;eor
       1550;20181222;   10;  11.0;   1.4;    3;  15.9;   6;    0.000;   2;   7.8;   8.2;  934.92;    5.3;   92.67;   10.3;    2.5;    0.6;eor
       1550;20181223;   10;   3.0;   0.8;    3;  37.3;   6;    0.000;   0;   7.6;   8.6;  938.18;    5.1;   97.96;    7.7;    3.1;    1.0;eor
       1550;20181224;   10;   9.6;   1.0;    3;  17.4;   8;    0.033;   0;   7.5;   7.4;  939.97;    3.0;   96.58;    8.1;    0.4;   -1.0;eor
       1550;20181225;   10;   6.9;   1.0;    3;   0.0;   0;    1.333;   0;   6.7;   5.6;  948.23;    0.2;   90.50;    2.8;   -2.9;   -5.9;eor
       1550;20181226;   10;   3.0;   0.9;    3;   0.0;   0;    4.017;   0;   1.4;   4.6;  946.53;   -2.4;   90.88;    3.3;   -5.0;   -7.8;eor
       1550;20181227;   10;   2.7;   1.0;    3;   0.0;   0;    3.167;   0;   6.6;   4.9;  942.36;   -1.8;   91.21;    5.5;   -5.3;   -7.9;eor
       1550;20181228;   10;   5.9;   1.0;    3;   0.0;   0;    2.817;   0;   5.8;   5.4;  942.55;   -0.7;   92.08;    5.7;   -3.9;   -7.0;eor
       1550;20181229;   10;   7.0;   1.0;    3;   4.7;   8;    1.083;   0;   5.9;   4.6;  945.82;   -2.8;   92.50;    0.3;   -5.1;   -8.1;eor
       1550;20181230;   10;   6.1;   1.2;    3;   5.2;   8;    0.000;   1;   7.7;   6.3;  946.16;    1.1;   94.25;    3.4;   -1.8;   -2.5;eor
       1550;20181231;   10;   2.6;   0.7;    3;   6.4;   8;    0.000;   1;   7.8;   6.4;  947.63;    0.9;   97.79;    1.8;    0.3;   -0.5;eor
       1550;20190101;    3;   6.5;   0.9;    3;   4.1;   8;    0.883;   1;   7.5;   6.5;  943.85;    1.4;   95.38;    4.1;   -0.9;   -4.4;eor
       1550;20190102;    3;  11.5;   1.9;    3;   9.5;   8;    0.000;   4;   7.6;   4.8;  943.25;   -0.8;   82.21;    3.5;   -4.3;   -4.4;eor
       1550;20190103;    3;   5.3;   1.2;    3;   0.0;   7;    0.000;  15;   7.8;   3.5;  948.43;   -3.5;   75.29;   -1.6;   -4.8;   -1.9;eor
       1550;20190104;    3;   5.9;   1.1;    3;   0.9;   8;    0.000;  11;   7.8;   4.3;  947.81;   -2.6;   84.50;   -0.7;   -4.2;   -2.0;eor
       1550;20190105;    3;   9.8;   2.0;    3;  19.5;   8;    0.000;  11;   7.7;   5.4;  942.40;    0.1;   87.38;    1.5;   -1.8;   -1.1;eor
       1550;20190106;    3;   4.3;   1.0;    3;   8.0;   8;    0.000;  21;   7.7;   6.2;  943.53;    0.5;   97.08;    1.0;    0.3;   -0.1;eor
       1550;20190107;    3;   3.0;   0.8;    3;   1.2;   8;    0.000;  21;   7.9;   6.1;  945.15;    0.7;   94.67;    2.4;   -1.5;   -0.1;eor
       1550;20190108;    3;   9.0;   1.4;    3;   7.9;   8;    0.000;  21;   7.5;   5.9;  933.07;    0.8;   91.21;    2.9;   -1.6;   -0.1;eor
       1550;20190109;    3;   9.2;   1.6;    3;  17.0;   7;    0.000;  25;   7.7;   4.9;  927.36;   -1.1;   88.13;    1.7;   -2.9;   -0.1;eor
       1550;20190110;    3;   6.4;   1.2;    3;  11.4;   4;    0.000;  45;  -999;   4.7;  934.12;   -2.5;   93.08;   -1.3;   -3.8;   -0.1;eor
       1550;20190111;    3;   5.6;   1.1;    3;   2.5;   8;    3.117;  57;   5.1;   4.1;  938.49;   -3.2;   84.54;    0.5;   -4.7;   -0.1;eor
       1550;20190112;    3;   5.9;   1.0;    3;   8.3;   8;    0.783;  52;   7.2;   5.5;  936.30;   -0.4;   92.46;    2.7;   -2.5;    0.0;eor
       1550;20190113;    3;   9.9;   1.8;    3;  32.5;   8;    0.000;  46;   7.6;   6.7;  926.16;    2.2;   93.71;    5.3;    0.4;    0.0;eor
       1550;20190114;    3;   8.0;   1.6;    3;  14.8;   8;    0.000;  36;   7.6;   6.1;  926.19;    1.3;   91.50;    4.7;   -1.2;    0.0;eor
       1550;20190115;    3;   5.1;   1.0;    3;   0.0;   7;    0.667;  40;   7.3;   5.0;  936.42;   -1.0;   88.04;    2.8;   -6.0;    0.0;eor
       1550;20190116;    3;   3.2;   1.0;    3;   0.0;   0;    4.867;  37;   5.0;   4.0;  931.09;   -4.4;   89.46;    4.7;   -8.6;    0.0;eor
       1550;20190117;    3;   7.6;   1.2;    3;   1.4;   8;    4.667;  36;   6.1;   4.9;  925.79;   -0.9;   84.42;    7.3;   -7.1;    0.0;eor
       1550;20190118;    3;   6.8;   1.6;    3;   0.0;   7;    2.867;  36;   7.3;   3.9;  932.10;   -1.6;   71.54;    2.7;   -8.4;    0.0;eor
       1550;20190119;    3;   4.5;   1.0;    3;   0.0;   0;    4.950;  35;   6.4;   2.8;  929.63;   -7.4;   81.42;    0.1;  -11.2;   -0.3;eor
       1550;20190120;    3;   4.4;   0.9;    3;   0.0;   0;    1.133;  35;   7.7;   3.0;  929.46;   -5.8;   77.29;    2.4;  -11.8;   -0.7;eor
       1550;20190121;    3;   2.6;   0.8;    3;   0.0;   0;    0.000;  34;   6.8;   3.6;  932.81;   -5.0;   85.79;   -1.7;  -10.1;   -0.5;eor
       1550;20190122;    3;   2.5;   0.9;    3;   0.0;   0;    6.033;  34;   2.9;   3.0;  924.82;   -7.1;   83.04;   -0.2;  -11.8;   -0.4;eor
       1550;20190123;    3;   3.9;   0.9;    3;   0.0;   7;    0.050;  34;   7.4;   2.7;  913.65;   -8.4;   84.50;   -3.4;  -12.0;   -0.6;eor
       1550;20190124;    3;   5.9;   1.5;    3;   1.1;   7;    4.233;  33;   6.8;   3.1;  922.31;   -6.3;   79.79;   -0.5;  -12.4;   -0.6;eor
       1550;20190125;    3;   5.1;   1.2;    3;   0.8;   7;    4.517;  36;   7.0;   3.0;  930.27;   -6.2;   79.58;   -0.8;  -12.3;   -0.3;eor
       1550;20190126;    3;   5.7;   0.8;    3;   4.9;   8;    0.133;  37;   7.9;   5.2;  927.82;   -1.2;   89.88;    4.5;   -9.2;   -0.3;eor
       1550;20190127;    3;   4.0;   1.2;    3;   1.4;   8;    3.617;  42;   7.5;   5.5;  913.90;    0.7;   86.38;    8.2;   -3.8;   -0.1;eor
       1550;20190128;    3;   8.3;   1.8;    3;   3.3;   8;    2.400;  37;   7.7;   4.6;  916.13;    0.4;   73.83;    2.6;   -1.2;   -2.0;eor
       1550;20190129;    3;   6.0;   1.2;    3;   0.0;   7;    5.550;  44;   5.3;   4.2;  921.41;   -2.7;   83.42;    3.5;  -10.5;  -16.0;eor
       1550;20190130;    3;   6.0;   1.1;    3;   0.0;   8;    0.000;  39;   7.8;   3.9;  914.05;   -3.2;   80.75;    3.8;  -10.8;  -16.5;eor
       1550;20190131;    3;   5.4;   1.2;    3;   0.0;   0;    6.600;  39;   5.6;   3.4;  914.21;   -3.0;   71.63;    3.7;   -8.8;  -13.8;eor
       1550;20190201;    3;   6.5;   1.4;    3;   2.9;   6;    3.017;  38;   8.0;   4.6;  908.31;    1.4;   69.58;    9.4;   -2.5;   -5.5;eor
       1550;20190202;    3;   5.6;   1.0;    3;  21.6;   8;    0.000;  35;   7.7;   6.3;  913.15;    1.4;   93.21;    4.4;   -0.9;   -3.1;eor
       1550;20190203;    3;   6.9;   1.5;    3;  13.9;   8;    0.000;  43;   7.6;   5.6;  927.81;   -0.4;   94.63;    0.7;   -2.3;    0.0;eor
       1550;20190204;    3;   4.0;   0.9;    3;   0.0;   8;    5.667;  59;   4.1;   4.2;  942.19;   -3.2;   86.71;    4.0;  -10.1;   -3.3;eor
       1550;20190205;    3;   2.8;   1.0;    3;   0.0;   0;    7.250;  50;   2.9;   3.5;  942.73;   -5.7;   85.17;    3.4;  -11.3;  -13.1;eor
       1550;20190206;    3;   2.8;   1.0;    3;   0.0;   0;    7.467;  48;   3.4;   3.8;  940.52;   -4.7;   85.46;    5.8;  -11.0;  -14.9;eor
       1550;20190207;    3;   5.3;   1.0;    3;   2.6;   6;    1.700;  46;   7.0;   5.0;  933.39;   -1.9;   90.63;    4.7;   -8.8;  -13.1;eor
       1550;20190208;    3;   2.7;   1.0;    3;   0.0;   0;    7.300;  43;   6.0;   5.4;  934.85;    0.5;   86.71;    8.1;   -3.4;   -6.1;eor
       1550;20190209;    3;   3.6;   1.0;    3;   0.0;   8;    2.350;  41;   7.8;   5.2;  931.59;    0.8;   82.29;    9.4;   -4.1;   -6.9;eor
       1550;20190210;    3;  12.6;   1.8;    3;   3.3;   8;    3.383;  39;   7.9;   5.2;  923.69;    3.2;   71.92;   12.9;   -2.9;   -4.7;eor
       1550;20190211;    3;   9.6;   1.8;    3;   8.7;   8;    0.000;  39;   7.6;   5.3;  933.18;    0.7;   83.83;    3.3;   -0.7;   -2.4;eor
       1550;20190212;    3;   6.7;   1.1;    3;   0.7;   8;    0.000;  50;   7.5;   5.2;  947.16;   -0.7;   89.50;    1.7;   -5.7;   -9.3;eor
       1550;20190213;    3;   3.7;   1.0;    3;   0.0;   0;    8.100;  46;   3.2;   4.2;  951.07;   -2.0;   81.04;    8.1;   -8.1;  -12.3;eor
       1550;20190214;    3;   4.6;   1.1;    3;   0.0;   0;    8.283;  42;   3.4;   4.6;  950.93;   -0.2;   79.42;   10.6;   -5.9;   -8.8;eor
       1550;20190215;    3;   5.0;   1.1;    3;   0.0;   0;    8.433;  39;   0.1;   4.3;  948.15;    0.2;   74.67;   12.8;   -6.3;   -9.2;eor
       1550;20190216;    3;   3.7;   1.1;    3;   0.0;   0;    8.517;  37;   1.0;   4.4;  945.05;    1.1;   71.92;   14.9;   -5.7;   -8.6;eor
       1550;20190217;    3;   3.0;   1.0;    3;   0.0;   0;    8.583;  36;   1.3;   4.2;  942.21;    0.7;   70.04;   14.7;   -6.1;   -8.6;eor
       1550;20190218;    3;   3.2;   1.1;    3;   0.0;   0;    8.633;  35;   0.0;   4.1;  937.47;    1.1;   68.88;   13.3;   -6.0;   -8.6;eor
       1550;20190219;    3;   5.8;   1.2;    3;   0.0;   0;    8.217;  35;   4.3;   4.8;  937.11;    2.4;   70.54;   13.0;   -5.3;   -9.3;eor
       1550;20190220;    3;   5.6;   1.0;    3;   0.0;   0;    4.983;  33;   7.7;   6.0;  939.96;    3.2;   78.92;    9.5;   -1.8;   -5.0;eor
       1550;20190221;    3;   5.6;   1.2;    3;   0.5;   6;    6.850;  31;   6.1;   5.9;  943.77;    4.1;   75.21;   12.9;   -1.7;   -4.1;eor
       1550;20190222;    3;   4.2;   0.9;    3;   4.9;   6;    0.000;  28;   7.8;   7.3;  947.93;    3.2;   95.38;    5.3;    1.8;    0.8;eor
       1550;20190223;    3;   7.1;   1.1;    3;   0.0;   0;    1.950;  26;   5.9;   6.0;  950.70;    1.3;   88.42;    4.4;   -3.8;   -5.8;eor
       1550;20190224;    3;   6.0;   1.3;    3;   0.0;   0;    5.217;  25;   2.9;   4.6;  950.73;    0.2;   76.63;    8.6;   -5.7;   -8.6;eor
       1550;20190225;    3;   6.6;   1.2;    3;   0.0;   0;    9.333;  25;   1.3;   5.2;  950.87;    2.1;   76.13;   11.2;   -4.3;   -6.9;eor
       1550;20190226;    3;   5.8;   1.3;    3;   0.0;   0;    8.883;  22;   4.7;   5.3;  948.78;    3.8;   71.50;   14.7;   -3.6;   -7.2;eor
       1550;20190227;    3;   5.7;   1.3;    3;   0.0;   0;    9.583;  20;   1.7;   5.6;  943.27;    5.5;   67.92;   14.8;   -0.7;   -3.6;eor
       1550;20190228;    3;  12.0;   1.7;    3;   0.1;   6;    9.650;  18;   2.3;   5.1;  935.74;    6.8;   60.92;   18.4;   -1.7;   -4.3;eor
       1550;20190301;    3;   8.0;   1.1;    3;   3.6;   6;    0.000;  14;   7.5;   7.2;  932.37;    4.6;   85.54;    8.1;    2.5;    0.4;eor
       1550;20190302;    3;   3.1;   0.7;    3;   0.0;   6;    0.000;  12;   7.7;   7.0;  934.46;    3.2;   91.38;    7.6;   -0.4;   -2.2;eor
       1550;20190303;    3;   7.3;   1.2;    3;   0.0;   0;    7.150;  12;   7.2;   6.2;  931.96;    5.1;   75.08;   13.8;   -0.8;   -2.3;eor
       1550;20190304;    3;  14.2;   2.3;    3;   3.8;   8;    4.650;   9;   6.0;   5.5;  922.63;    4.8;   68.54;   16.7;   -0.8;   -3.1;eor
       1550;20190305;    3;   9.3;   2.1;    3;   0.0;   6;    5.717;   6;   6.0;   4.8;  928.30;    5.5;   56.83;   10.9;    0.2;   -2.4;eor
       1550;20190306;    3;  13.6;   1.4;    3;   0.0;   0;    5.850;   4;   6.9;   4.9;  926.01;    6.7;   56.04;   15.0;   -2.1;   -4.5;eor
       1550;20190307;    3;  10.0;   1.7;    3;   7.0;   6;    2.117;   1;   7.5;   6.8;  922.87;    6.6;   73.50;   13.6;    2.1;    1.0;eor
       1550;20190308;    3;  10.1;   1.4;    3;   1.1;   6;    3.000;   0;   6.5;   6.6;  932.84;    3.3;   86.71;   10.7;   -0.6;   -2.1;eor
       1550;20190309;    3;  10.3;   2.0;    3;   1.1;   6;    2.833;   0;   7.8;   6.5;  935.01;    6.9;   70.29;   15.1;   -0.1;   -1.1;eor
       1550;20190310;    3;  13.5;   1.8;    3;   5.9;   8;    1.117;   0;   7.5;   7.7;  930.47;    8.0;   72.88;   15.2;    4.0;    3.0;eor
       1550;20190311;    3;  10.4;   2.1;    3;   6.6;   8;    0.067;   0;   7.3;   4.7;  936.35;    1.9;   67.54;    6.1;   -1.3;   -2.1;eor
       1550;20190312;    3;   7.8;   1.4;    3;   0.5;   8;    8.350;   4;   6.2;   4.4;  936.65;    3.0;   60.46;    8.8;   -0.7;   -2.5;eor
       1550;20190313;    3;  12.2;   2.3;    3;   2.4;   8;    3.550;   0;   6.9;   5.1;  928.95;    4.0;   63.25;    8.8;    0.5;   -1.8;eor
       1550;20190314;    1;   8.3;   1.6;    1;  12.2;   8;    0.000;   0;   7.7;   6.2;  927.46;    2.9;   83.96;    6.4;    0.5;    0.0;eor
       1550;20190315;    1;   8.6;   1.4;    1;  30.9;   8;    0.000;   0;   7.6;   7.7;  929.02;    4.5;   91.21;   10.1;    1.5;    1.1;eor
       1550;20190316;    1;   9.7;   2.4;    1;   0.0;   0;    8.817;   0;   4.5;   5.9;  930.10;   11.3;   48.04;   20.0;    0.9;   -2.1;eor
       1550;20190317;    1;  12.4;   1.9;    1;   2.4;   8;    8.400;   0;   6.2;   5.3;  925.62;    8.1;   57.67;   20.0;   -0.8;   -3.7;eor
       1550;20190318;    1;   8.0;   1.4;    1;   1.0;   8;    2.117;   0;   7.4;   5.6;  934.88;    2.4;   79.25;    7.0;    0.3;   -0.2;eor
       1550;20190319;    1;   6.9;   1.3;    1;   0.0;   8;    1.033;   0;   6.5;   5.1;  941.53;    2.2;   73.75;    6.6;   -2.2;   -4.4;eor
       1550;20190320;    1;   7.7;   1.7;    1;   0.0;   0;   11.033;   0;   0.0;   4.4;  947.17;    2.0;   66.00;    9.2;   -4.2;   -7.2;eor
       1550;20190321;    1;   8.2;   1.6;    1;   0.0;   0;   11.083;   0;   1.3;   4.8;  946.37;    3.8;   64.83;   13.3;   -4.5;   -7.1;eor
       1550;20190322;    1;   9.1;   1.7;    1;   0.0;   0;   11.017;   0;   2.9;   5.6;  944.57;    6.5;   63.25;   17.1;   -2.8;   -5.3;eor
       1550;20190323;    1;   8.4;   1.8;    1;   0.0;   0;   11.100;   0;   0.1;   5.9;  942.93;    8.3;   61.79;   19.2;   -1.2;   -3.7;eor
       1550;20190324;    1;   8.8;   1.7;    1;   0.0;   6;   11.217;   0;   2.1;   6.5;  938.40;    8.9;   61.63;   19.0;   -1.0;   -3.3;eor
       1550;20190325;    1;  10.3;   1.6;    1;   3.3;   8;    0.000;   0;   7.3;   6.6;  936.30;    3.9;   82.00;    7.6;    0.0;   -1.1;eor
       1550;20190326;    1;   7.2;   1.4;    1;   0.1;   8;    3.767;   2;   7.1;   5.3;  942.56;    2.5;   74.21;    7.6;   -0.1;   -2.0;eor
       1550;20190327;    1;   8.7;   1.7;    1;   0.0;   6;    0.117;   0;   8.0;   5.6;  945.23;    3.8;   70.50;    7.7;    0.5;   -0.2;eor
       1550;20190328;    1;   8.4;   1.7;    1;   0.0;   0;   10.033;   0;   1.9;   5.2;  946.34;    5.3;   64.08;   13.1;   -1.8;   -3.8;eor
       1550;20190329;    1;   9.4;   1.9;    1;   0.0;   0;   11.467;   0;   0.0;   5.6;  943.95;    6.5;   63.50;   16.4;   -2.7;   -5.1;eor
       1550;20190330;    1;   8.7;   1.8;    1;   0.0;   0;   11.083;   0;   2.5;   5.7;  939.50;    8.2;   59.71;   18.3;   -1.0;   -3.5;eor
       1550;20190331;    1;   9.7;   2.0;    1;   0.0;   0;   11.483;   0;   1.0;   6.0;  935.81;    8.5;   60.29;   18.3;   -0.9;   -3.5;eor
       1550;20190401;    1;  10.4;   2.2;    1;   0.0;   0;   11.433;   0;   0.9;   7.2;  933.07;    7.9;   70.17;   16.3;   -1.0;   -3.1;eor
       1550;20190402;    1;   6.7;   1.3;    1;   0.0;   0;    9.717;   0;   7.3;   6.0;  927.87;   11.3;   53.00;   20.4;    1.4;   -0.6;eor
       1550;20190403;    1;   9.9;   2.1;    1;   0.0;   0;    8.400;   0;   5.6;   6.3;  919.52;   10.7;   53.33;   18.3;    3.3;    1.1;eor
       1550;20190404;    1;  14.8;   2.8;    1;   9.1;   8;    5.550;   0;   7.0;   6.6;  915.08;    5.4;   74.88;   12.7;    0.6;    0.1;eor
       1550;20190405;    1;   5.6;   1.2;    1;   0.0;   6;    4.800;   0;   5.9;   6.7;  920.45;    4.6;   79.96;   10.0;    0.5;    0.1;eor
       1550;20190406;    1;   8.7;   1.9;    1;   0.0;   0;   11.717;   0;   2.8;   7.5;  919.99;    7.7;   74.17;   16.5;   -0.8;   -2.4;eor
       1550;20190407;    1;   9.7;   2.0;    1;   9.5;   6;    5.700;   0;   7.3;   8.1;  920.99;    9.1;   73.00;   16.5;    2.1;    0.5;eor
       1550;20190408;    1;   4.4;   0.9;    1;   4.1;   6;    0.000;   0;   7.8;   9.1;  926.83;    6.9;   91.04;    8.9;    5.5;    4.8;eor
       1550;20190409;    1;   7.6;   1.5;    1;  21.7;   6;    1.767;   0;   7.8;   9.2;  925.75;    8.4;   84.38;   13.8;    4.6;    3.5;eor
       1550;20190410;    1;   6.2;   1.3;    1;   1.5;   6;    0.000;   0;   7.8;   9.5;  925.77;    7.6;   91.13;    9.7;    6.0;    5.9;eor
       1550;20190411;    1;   7.4;   1.8;    1;   0.0;   6;    0.000;   0;   7.9;   8.6;  930.73;    5.7;   93.21;    7.1;    4.5;    3.9;eor
       1550;20190412;    1;   5.8;   1.6;    1;   0.0;   6;    0.000;   0;   8.0;   6.8;  933.15;    4.4;   80.63;    6.2;    3.0;    2.9;eor
